21,0.082059187,1,N2S0,190.0.1.2,255.255.255.255,36,NetworkReceiveFromLower,0,0,20,Control,IPPROTO_ICMP,192,,1.0
31,0.156282094,1,N2S1,190.0.1.2,255.255.255.255,60,NetworkReceiveFromLower,0,1,20,Data,IPPROTO_UDP,192,,1.0
145,2.117707579,1,N2S2,190.0.1.2,255.255.255.255,64,NetworkReceiveFromLower,0,2,20,Data,IPPROTO_UDP,192,,1.0
187,3.082079187,1,N2S3,190.0.1.2,255.255.255.255,36,NetworkReceiveFromLower,0,3,20,Control,IPPROTO_ICMP,192,,1.0
263,4.123938737,1,N2S4,190.0.1.2,255.255.255.255,60,NetworkReceiveFromLower,0,4,20,Data,IPPROTO_UDP,192,,1.0
311,5.257332852,1,N2S5,190.0.1.2,255.255.255.255,52,NetworkReceiveFromLower,0,5,20,Data,IPPROTO_UDP,192,,1.0
355,6.082319187,1,N2S6,190.0.1.2,255.255.255.255,36,NetworkReceiveFromLower,0,6,20,Control,IPPROTO_ICMP,192,,1.0
373,6.171427565,1,N2S7,190.0.1.2,255.255.255.255,64,NetworkReceiveFromLower,0,7,20,Data,IPPROTO_UDP,192,,1.0
487,8.13965121,1,N2S8,190.0.1.2,255.255.255.255,64,NetworkReceiveFromLower,0,8,20,Data,IPPROTO_UDP,192,,1.0
593,10.132412935,1,N2S9,190.0.1.2,255.255.255.255,64,NetworkReceiveFromLower,0,9,20,Data,IPPROTO_UDP,192,,1.0
603,10.214148863,1,N2S10,190.0.1.2,255.255.255.255,56,NetworkReceiveFromLower,0,10,20,Data,IPPROTO_UDP,192,,1.0
623,10.445559852,1,N2S11,190.0.1.2,255.255.255.255,56,NetworkReceiveFromLower,0,11,20,Data,IPPROTO_UDP,192,,1.0
813,12.181054972,1,N2S64,190.0.1.2,255.255.255.255,64,NetworkReceiveFromLower,0,64,20,Data,IPPROTO_UDP,192,,1.0
1033,14.183533634,1,N2S126,190.0.1.2,255.255.255.255,64,NetworkReceiveFromLower,0,126,20,Data,IPPROTO_UDP,192,,1.0
1139,15.119131003,1,N2S160,190.0.1.2,255.255.255.255,56,NetworkReceiveFromLower,0,160,20,Data,IPPROTO_UDP,192,,1.0
1227,15.817811003,1,N2S176,190.0.1.2,255.255.255.255,56,NetworkReceiveFromLower,0,176,20,Data,IPPROTO_UDP,192,,1.0
1273,16.112586001,1,N2S192,190.0.1.2,255.255.255.255,64,NetworkReceiveFromLower,0,192,20,Data,IPPROTO_UDP,192,,1.0
1488,18.106828001,1,N2S254,190.0.1.2,255.255.255.255,64,NetworkReceiveFromLower,0,254,20,Data,IPPROTO_UDP,192,,1.0
1723,20.258046468,1,N2S317,190.0.1.2,255.255.255.255,56,NetworkReceiveFromLower,0,317,20,Data,IPPROTO_UDP,192,,1.0
1781,20.617951003,1,N2S330,190.0.1.2,255.255.255.255,56,NetworkReceiveFromLower,0,330,20,Data,IPPROTO_UDP,192,,1.0
1941,22.118623003,1,N2S381,190.0.1.2,255.255.255.255,64,NetworkReceiveFromLower,0,381,20,Data,IPPROTO_UDP,192,,1.0
2171,24.174515918,1,N2S442,190.0.1.2,255.255.255.255,64,NetworkReceiveFromLower,0,442,20,Data,IPPROTO_UDP,192,,1.0
2297,25.327356447,1,N2S473,190.0.1.2,255.255.255.255,56,NetworkReceiveFromLower,0,473,20,Data,IPPROTO_UDP,192,,1.0
2345,25.617871003,1,N2S488,190.0.1.2,255.255.255.255,56,NetworkReceiveFromLower,0,488,20,Data,IPPROTO_UDP,192,,1.0
2415,26.183071098,1,N2S507,190.0.1.2,255.255.255.255,64,NetworkReceiveFromLower,0,507,20,Data,IPPROTO_UDP,192,,1.0
2631,28.132213813,1,N2S568,190.0.1.2,255.255.255.255,64,NetworkReceiveFromLower,0,568,20,Data,IPPROTO_UDP,192,,1.0
2851,30.154595315,1,N2S632,190.0.1.2,255.255.255.255,56,NetworkReceiveFromLower,0,632,20,Data,IPPROTO_UDP,192,,1.0
2857,30.185797165,1,N2S633,190.0.1.2,255.255.255.255,64,NetworkReceiveFromLower,0,633,20,Data,IPPROTO_UDP,192,,1.0
2873,30.237481894,1,N2S634,190.0.1.2,255.255.255.255,56,NetworkReceiveFromLower,0,634,20,Data,IPPROTO_UDP,192,,1.0
3089,32.129081964,1,N2S696,190.0.1.2,255.255.255.255,64,NetworkReceiveFromLower,0,696,20,Data,IPPROTO_UDP,192,,1.0
3445,35.418871002,1,N2S790,190.0.1.2,255.255.255.255,56,NetworkReceiveFromLower,0,790,20,Data,IPPROTO_UDP,192,,1.0
3453,35.448074651,1,N2S800,190.0.1.2,255.255.255.255,56,NetworkReceiveFromLower,0,800,20,Data,IPPROTO_UDP,192,,1.0
3549,36.154479602,1,N2S823,190.0.1.2,255.255.255.255,64,NetworkReceiveFromLower,0,823,20,Data,IPPROTO_UDP,192,,1.0
3769,38.161200629,1,N2S886,190.0.1.2,255.255.255.255,64,NetworkReceiveFromLower,0,886,20,Data,IPPROTO_UDP,192,,1.0
3989,40.169214842,1,N2S948,190.0.1.2,255.255.255.255,64,NetworkReceiveFromLower,0,948,20,Data,IPPROTO_UDP,192,,1.0
4015,40.382131048,1,N2S949,190.0.1.2,255.255.255.255,56,NetworkReceiveFromLower,0,949,20,Data,IPPROTO_UDP,192,,1.0
4047,40.590885879,1,N2S965,190.0.1.2,255.255.255.255,56,NetworkReceiveFromLower,0,965,20,Data,IPPROTO_UDP,192,,1.0
4233,42.143541325,1,N2S1013,190.0.1.2,255.255.255.255,64,NetworkReceiveFromLower,0,1013,20,Data,IPPROTO_UDP,192,,1.0
4453,44.150861989,1,N2S1077,190.0.1.2,255.255.255.255,64,NetworkReceiveFromLower,0,1077,20,Data,IPPROTO_UDP,192,,1.0
4575,45.288286989,1,N2S1109,190.0.1.2,255.255.255.255,56,NetworkReceiveFromLower,0,1109,20,Data,IPPROTO_UDP,192,,1.0
4617,45.59286358,1,N2S1116,190.0.1.2,255.255.255.255,56,NetworkReceiveFromLower,0,1116,20,Data,IPPROTO_UDP,192,,1.0
4695,46.126006098,1,N2S1141,190.0.1.2,255.255.255.255,64,NetworkReceiveFromLower,0,1141,20,Data,IPPROTO_UDP,192,,1.0
4915,48.161676571,1,N2S1203,190.0.1.2,255.255.255.255,64,NetworkReceiveFromLower,0,1203,20,Data,IPPROTO_UDP,192,,1.0
5141,50.178780263,1,N2S1268,190.0.1.2,255.255.255.255,64,NetworkReceiveFromLower,0,1268,20,Data,IPPROTO_UDP,192,,1.0
5157,50.251321322,1,N2S1269,190.0.1.2,255.255.255.255,56,NetworkReceiveFromLower,0,1269,20,Data,IPPROTO_UDP,192,,1.0
5183,50.42734436,1,N2S1267,190.0.1.2,255.255.255.255,56,NetworkReceiveFromLower,0,1267,20,Data,IPPROTO_UDP,192,,1.0
5374,52.106348001,1,N2S1331,190.0.1.2,255.255.255.255,64,NetworkReceiveFromLower,0,1331,20,Data,IPPROTO_UDP,192,,1.0
5593,54.111886001,1,N2S1393,190.0.1.2,255.255.255.255,64,NetworkReceiveFromLower,0,1393,20,Data,IPPROTO_UDP,192,,1.0
5725,55.394453656,1,N2S1425,190.0.1.2,255.255.255.255,56,NetworkReceiveFromLower,0,1425,20,Data,IPPROTO_UDP,192,,1.0
5793,55.852496138,1,N2S1441,190.0.1.2,255.255.255.255,56,NetworkReceiveFromLower,0,1441,20,Data,IPPROTO_UDP,192,,1.0
5821,56.09260832,1,N2S1457,190.0.1.2,255.255.255.255,64,NetworkReceiveFromLower,0,1457,20,Data,IPPROTO_UDP,192,,1.0
6061,58.181282623,1,N2S1518,190.0.1.2,255.255.255.255,64,NetworkReceiveFromLower,0,1518,20,Data,IPPROTO_UDP,192,,1.0
6279,60.171053503,1,N2S1581,190.0.1.2,255.255.255.255,64,NetworkReceiveFromLower,0,1581,20,Data,IPPROTO_UDP,192,,1.0
6331,60.558039419,1,N2S1582,190.0.1.2,255.255.255.255,56,NetworkReceiveFromLower,0,1582,20,Data,IPPROTO_UDP,192,,1.0
6347,60.646899324,1,N2S1596,190.0.1.2,255.255.255.255,56,NetworkReceiveFromLower,0,1596,20,Data,IPPROTO_UDP,192,,1.0
6523,62.138975025,1,N2S1645,190.0.1.2,255.255.255.255,64,NetworkReceiveFromLower,0,1645,20,Data,IPPROTO_UDP,192,,1.0
6737,64.117723023,1,N2S1708,190.0.1.2,255.255.255.255,64,NetworkReceiveFromLower,0,1708,20,Data,IPPROTO_UDP,192,,1.0
6865,65.217558366,1,N2S1741,190.0.1.2,255.255.255.255,56,NetworkReceiveFromLower,0,1741,20,Data,IPPROTO_UDP,192,,1.0
6897,65.493732382,1,N2S1740,190.0.1.2,255.255.255.255,56,NetworkReceiveFromLower,0,1740,20,Data,IPPROTO_UDP,192,,1.0
6987,66.181589401,1,N2S1773,190.0.1.2,255.255.255.255,64,NetworkReceiveFromLower,0,1773,20,Data,IPPROTO_UDP,192,,1.0
7207,68.149056019,1,N2S1836,190.0.1.2,255.255.255.255,64,NetworkReceiveFromLower,0,1836,20,Data,IPPROTO_UDP,192,,1.0
7427,70.117758056,1,N2S1897,190.0.1.2,255.255.255.255,64,NetworkReceiveFromLower,0,1897,20,Data,IPPROTO_UDP,192,,1.0
7443,70.27403532,1,N2S1898,190.0.1.2,255.255.255.255,56,NetworkReceiveFromLower,0,1898,20,Data,IPPROTO_UDP,192,,1.0
7531,70.946694147,1,N2S1914,190.0.1.2,255.255.255.255,56,NetworkReceiveFromLower,0,1914,20,Data,IPPROTO_UDP,192,,1.0
7671,72.14435042,1,N2S1960,190.0.1.2,255.255.255.255,64,NetworkReceiveFromLower,0,1960,20,Data,IPPROTO_UDP,192,,1.0
7891,74.136928359,1,N2S2023,190.0.1.2,255.255.255.255,64,NetworkReceiveFromLower,0,2023,20,Data,IPPROTO_UDP,192,,1.0
8007,75.225954907,1,N2S2055,190.0.1.2,255.255.255.255,56,NetworkReceiveFromLower,0,2055,20,Data,IPPROTO_UDP,192,,1.0
8075,75.718993379,1,N2S2068,190.0.1.2,255.255.255.255,56,NetworkReceiveFromLower,0,2068,20,Data,IPPROTO_UDP,192,,1.0
8135,76.184726167,1,N2S2087,190.0.1.2,255.255.255.255,64,NetworkReceiveFromLower,0,2087,20,Data,IPPROTO_UDP,192,,1.0
8355,78.143503857,1,N2S2149,190.0.1.2,255.255.255.255,64,NetworkReceiveFromLower,0,2149,20,Data,IPPROTO_UDP,192,,1.0
8575,80.133994626,1,N2S2211,190.0.1.2,255.255.255.255,64,NetworkReceiveFromLower,0,2211,20,Data,IPPROTO_UDP,192,,1.0
8607,80.357099447,1,N2S2212,190.0.1.2,255.255.255.255,56,NetworkReceiveFromLower,0,2212,20,Data,IPPROTO_UDP,192,,1.0
8623,80.436203289,1,N2S2223,190.0.1.2,255.255.255.255,56,NetworkReceiveFromLower,0,2223,20,Data,IPPROTO_UDP,192,,1.0
8817,82.124715676,1,N2S2275,190.0.1.2,255.255.255.255,64,NetworkReceiveFromLower,0,2275,20,Data,IPPROTO_UDP,192,,1.0
9022,84.106848001,1,N2S2337,190.0.1.2,255.255.255.255,64,NetworkReceiveFromLower,0,2337,20,Data,IPPROTO_UDP,192,,1.0
9179,85.45230586,1,N2S2368,190.0.1.2,255.255.255.255,56,NetworkReceiveFromLower,0,2368,20,Data,IPPROTO_UDP,192,,1.0
9195,85.558760791,1,N2S2374,190.0.1.2,255.255.255.255,56,NetworkReceiveFromLower,0,2374,20,Data,IPPROTO_UDP,192,,1.0
9281,86.129521957,1,N2S2400,190.0.1.2,255.255.255.255,64,NetworkReceiveFromLower,0,2400,20,Data,IPPROTO_UDP,192,,1.0
9485,88.091168428,1,N2S2462,190.0.1.2,255.255.255.255,64,NetworkReceiveFromLower,0,2462,20,Data,IPPROTO_UDP,192,,1.0
9711,90.118823169,1,N2S2526,190.0.1.2,255.255.255.255,64,NetworkReceiveFromLower,0,2526,20,Data,IPPROTO_UDP,192,,1.0
9743,90.38211149,1,N2S2527,190.0.1.2,255.255.255.255,56,NetworkReceiveFromLower,0,2527,20,Data,IPPROTO_UDP,192,,1.0
9822,90.941676703,1,N3S2612,190.0.1.3,190.0.1.1,96,NetworkReceiveFromLower,0,2612,20,Control,IPPROTO_ICMP,0,,2.0
9877,91.443632703,1,N3S2634,190.0.1.3,190.0.1.1,96,NetworkReceiveFromLower,0,2634,20,Control,IPPROTO_ICMP,0,,2.0
9922,91.842172727,1,N3S2652,190.0.1.3,190.0.1.1,96,NetworkReceiveFromLower,0,2652,20,Control,IPPROTO_ICMP,0,,2.0
9956,92.098903636,1,N2S2601,190.0.1.2,255.255.255.255,64,NetworkReceiveFromLower,0,2601,20,Data,IPPROTO_UDP,192,,1.0
10060,94.1322638,1,N2S2602,190.0.1.2,255.255.255.255,64,NetworkReceiveFromLower,0,2602,20,Data,IPPROTO_UDP,192,,1.0
10194,95.318071197,1,N2S2631,190.0.1.2,255.255.255.255,56,NetworkReceiveFromLower,0,2631,20,Data,IPPROTO_UDP,192,,1.0
10210,95.440578695,1,N2S2638,190.0.1.2,255.255.255.255,56,NetworkReceiveFromLower,0,2638,20,Data,IPPROTO_UDP,192,,1.0
10227,95.544672807,1,N3S2718,190.0.1.3,190.0.1.1,96,NetworkReceiveFromLower,0,2718,20,Control,IPPROTO_ICMP,0,,2.0
10311,96.12615162,1,N2S2666,190.0.1.2,255.255.255.255,64,NetworkReceiveFromLower,0,2666,20,Data,IPPROTO_UDP,192,,1.0
10438,97.344512831,1,N3S2789,190.0.1.3,190.0.1.1,96,NetworkReceiveFromLower,0,2789,20,Control,IPPROTO_ICMP,0,,2.0
10537,98.142632863,1,N3S2823,190.0.1.3,190.0.1.1,96,NetworkReceiveFromLower,0,2823,20,Control,IPPROTO_ICMP,0,,2.0
10541,98.166619874,1,N2S2732,190.0.1.2,255.255.255.255,64,NetworkReceiveFromLower,0,2732,20,Data,IPPROTO_UDP,192,,1.0
10688,99.544232887,1,N3S2876,190.0.1.3,190.0.1.1,96,NetworkReceiveFromLower,0,2876,20,Control,IPPROTO_ICMP,0,,2.0
10743,100.044192887,1,N3S2903,190.0.1.3,190.0.1.1,96,NetworkReceiveFromLower,0,2903,20,Control,IPPROTO_ICMP,0,,2.0
10771,100.182923582,1,N2S2803,190.0.1.2,255.255.255.255,64,NetworkReceiveFromLower,0,2803,20,Data,IPPROTO_UDP,192,,1.0
10788,100.241452911,1,N3S2915,190.0.1.3,190.0.1.1,96,NetworkReceiveFromLower,0,2915,20,Control,IPPROTO_ICMP,0,,2.0
10826,100.512830985,1,N2S2804,190.0.1.2,255.255.255.255,56,NetworkReceiveFromLower,0,2804,20,Data,IPPROTO_UDP,192,,1.0
10835,100.543823912,1,N3S2931,190.0.1.3,190.0.1.1,96,NetworkReceiveFromLower,0,2931,20,Control,IPPROTO_ICMP,0,,2.0
10860,100.742716911,1,N3S2943,190.0.1.3,190.0.1.1,96,NetworkReceiveFromLower,0,2943,20,Control,IPPROTO_ICMP,0,,2.0
10898,101.018006228,1,N2S2823,190.0.1.2,255.255.255.255,56,NetworkReceiveFromLower,0,2823,20,Data,IPPROTO_UDP,192,,1.0
10917,101.151729944,1,N3S2961,190.0.1.3,190.0.1.1,96,NetworkReceiveFromLower,0,2961,20,Control,IPPROTO_ICMP,0,,2.0
10932,101.244212911,1,N3S2969,190.0.1.3,190.0.1.1,96,NetworkReceiveFromLower,0,2969,20,Control,IPPROTO_ICMP,0,,2.0
10959,101.442936943,1,N3S2981,190.0.1.3,190.0.1.1,96,NetworkReceiveFromLower,0,2981,20,Control,IPPROTO_ICMP,0,,2.0
11004,101.841192943,1,N3S2999,190.0.1.3,190.0.1.1,96,NetworkReceiveFromLower,0,2999,20,Control,IPPROTO_ICMP,0,,2.0
11046,102.132307708,1,N2S2888,190.0.1.2,255.255.255.255,64,NetworkReceiveFromLower,0,2888,20,Data,IPPROTO_UDP,192,,1.0
11059,102.146040944,1,N3S3018,190.0.1.3,190.0.1.1,96,NetworkReceiveFromLower,0,3018,20,Control,IPPROTO_ICMP,0,,2.0
11074,102.240912943,1,N3S3026,190.0.1.3,190.0.1.1,96,NetworkReceiveFromLower,0,3026,20,Control,IPPROTO_ICMP,0,,2.0
11101,102.440736943,1,N3S3037,190.0.1.3,190.0.1.1,96,NetworkReceiveFromLower,0,3037,20,Control,IPPROTO_ICMP,0,,2.0
11126,102.645092967,1,N3S3048,190.0.1.3,190.0.1.1,96,NetworkReceiveFromLower,0,3048,20,Control,IPPROTO_ICMP,0,,2.0
11161,102.939352967,1,N3S3064,190.0.1.3,190.0.1.1,96,NetworkReceiveFromLower,0,3064,20,Control,IPPROTO_ICMP,0,,2.0
11196,103.247084968,1,N3S3082,190.0.1.3,190.0.1.1,96,NetworkReceiveFromLower,0,3082,20,Control,IPPROTO_ICMP,0,,2.0
11271,103.944832991,1,N3S3116,190.0.1.3,190.0.1.1,96,NetworkReceiveFromLower,0,3116,20,Control,IPPROTO_ICMP,0,,2.0
11307,104.184754947,1,N2S2971,190.0.1.2,255.255.255.255,64,NetworkReceiveFromLower,0,2971,20,Data,IPPROTO_UDP,192,,1.0
11354,104.540052991,1,N3S3147,190.0.1.3,190.0.1.1,96,NetworkReceiveFromLower,0,3147,20,Control,IPPROTO_ICMP,0,,2.0
11369,104.643252991,1,N3S3155,190.0.1.3,190.0.1.1,96,NetworkReceiveFromLower,0,3155,20,Control,IPPROTO_ICMP,0,,2.0
11384,104.740933023,1,N3S3163,190.0.1.3,190.0.1.1,96,NetworkReceiveFromLower,0,3163,20,Control,IPPROTO_ICMP,0,,2.0
11409,104.944172991,1,N3S3175,190.0.1.3,190.0.1.1,96,NetworkReceiveFromLower,0,3175,20,Control,IPPROTO_ICMP,0,,2.0
11424,105.042213023,1,N3S3184,190.0.1.3,190.0.1.1,96,NetworkReceiveFromLower,0,3184,20,Control,IPPROTO_ICMP,0,,2.0
11452,105.217866248,1,N2S3021,190.0.1.2,255.255.255.255,56,NetworkReceiveFromLower,0,3021,20,Data,IPPROTO_UDP,192,,1.0
11461,105.244485991,1,N3S3197,190.0.1.3,190.0.1.1,96,NetworkReceiveFromLower,0,3197,20,Control,IPPROTO_ICMP,0,,2.0
11485,105.477557313,1,N2S3017,190.0.1.2,255.255.255.255,56,NetworkReceiveFromLower,0,3017,20,Data,IPPROTO_UDP,192,,1.0
11522,105.744213023,1,N3S3222,190.0.1.3,190.0.1.1,96,NetworkReceiveFromLower,0,3222,20,Control,IPPROTO_ICMP,0,,2.0
11537,105.844090024,1,N3S3231,190.0.1.3,190.0.1.1,96,NetworkReceiveFromLower,0,3231,20,Control,IPPROTO_ICMP,0,,2.0
11568,106.042293023,1,N3S3245,190.0.1.3,190.0.1.1,96,NetworkReceiveFromLower,0,3245,20,Control,IPPROTO_ICMP,0,,2.0
11597,106.141893023,1,N3S3253,190.0.1.3,190.0.1.1,96,NetworkReceiveFromLower,0,3253,20,Control,IPPROTO_ICMP,0,,2.0
11601,106.15436131,1,N2S3062,190.0.1.2,255.255.255.255,64,NetworkReceiveFromLower,0,3062,20,Data,IPPROTO_UDP,192,,1.0
11618,106.239233047,1,N3S3261,190.0.1.3,190.0.1.1,96,NetworkReceiveFromLower,0,3261,20,Control,IPPROTO_ICMP,0,,2.0
11683,106.841593047,1,N3S3289,190.0.1.3,190.0.1.1,96,NetworkReceiveFromLower,0,3289,20,Control,IPPROTO_ICMP,0,,2.0
11698,106.944313047,1,N3S3297,190.0.1.3,190.0.1.1,96,NetworkReceiveFromLower,0,3297,20,Control,IPPROTO_ICMP,0,,2.0
11723,107.141733071,1,N3S3311,190.0.1.3,190.0.1.1,96,NetworkReceiveFromLower,0,3311,20,Control,IPPROTO_ICMP,0,,2.0
11738,107.241933047,1,N3S3319,190.0.1.3,190.0.1.1,96,NetworkReceiveFromLower,0,3319,20,Control,IPPROTO_ICMP,0,,2.0
11763,107.442473071,1,N3S3331,190.0.1.3,190.0.1.1,96,NetworkReceiveFromLower,0,3331,20,Control,IPPROTO_ICMP,0,,2.0
11798,107.741613071,1,N3S3348,190.0.1.3,190.0.1.1,96,NetworkReceiveFromLower,0,3348,20,Control,IPPROTO_ICMP,0,,2.0
11823,107.944033071,1,N3S3360,190.0.1.3,190.0.1.1,96,NetworkReceiveFromLower,0,3360,20,Control,IPPROTO_ICMP,0,,2.0
11840,108.043093071,1,N3S3369,190.0.1.3,190.0.1.1,96,NetworkReceiveFromLower,0,3369,20,Control,IPPROTO_ICMP,0,,2.0
11865,108.141606071,1,N3S3377,190.0.1.3,190.0.1.1,96,NetworkReceiveFromLower,0,3377,20,Control,IPPROTO_ICMP,0,,2.0
11869,108.14515725,1,N2S3155,190.0.1.2,255.255.255.255,64,NetworkReceiveFromLower,0,3155,20,Data,IPPROTO_UDP,192,,1.0
11886,108.243213071,1,N3S3385,190.0.1.3,190.0.1.1,96,NetworkReceiveFromLower,0,3385,20,Control,IPPROTO_ICMP,0,,2.0
11931,108.642573103,1,N3S3404,190.0.1.3,190.0.1.1,96,NetworkReceiveFromLower,0,3404,20,Control,IPPROTO_ICMP,0,,2.0
11946,108.742233103,1,N3S3412,190.0.1.3,190.0.1.1,96,NetworkReceiveFromLower,0,3412,20,Control,IPPROTO_ICMP,0,,2.0
11971,108.941533103,1,N3S3426,190.0.1.3,190.0.1.1,96,NetworkReceiveFromLower,0,3426,20,Control,IPPROTO_ICMP,0,,2.0
12016,109.347510104,1,N3S3452,190.0.1.3,190.0.1.1,96,NetworkReceiveFromLower,0,3452,20,Control,IPPROTO_ICMP,0,,2.0
12041,109.541113127,1,N3S3464,190.0.1.3,190.0.1.1,96,NetworkReceiveFromLower,0,3464,20,Control,IPPROTO_ICMP,0,,2.0
12066,109.741673103,1,N3S3475,190.0.1.3,190.0.1.1,96,NetworkReceiveFromLower,0,3475,20,Control,IPPROTO_ICMP,0,,2.0
12081,109.840313127,1,N3S3483,190.0.1.3,190.0.1.1,96,NetworkReceiveFromLower,0,3483,20,Control,IPPROTO_ICMP,0,,2.0
12096,109.949090128,1,N3S3491,190.0.1.3,190.0.1.1,96,NetworkReceiveFromLower,0,3491,20,Control,IPPROTO_ICMP,0,,2.0
12134,110.143616433,1,N2S3250,190.0.1.2,255.255.255.255,56,NetworkReceiveFromLower,0,3250,20,Data,IPPROTO_UDP,192,,1.0
12146,110.17496812,1,N2S3249,190.0.1.2,255.255.255.255,64,NetworkReceiveFromLower,0,3249,20,Data,IPPROTO_UDP,192,,1.0
12163,110.241573127,1,N3S3512,190.0.1.3,190.0.1.1,96,NetworkReceiveFromLower,0,3512,20,Control,IPPROTO_ICMP,0,,2.0
12221,110.712714001,1,N2S3263,190.0.1.2,255.255.255.255,56,NetworkReceiveFromLower,0,3263,20,Data,IPPROTO_UDP,192,,1.0
12240,110.841513127,1,N3S3540,190.0.1.3,190.0.1.1,96,NetworkReceiveFromLower,0,3540,20,Control,IPPROTO_ICMP,0,,2.0
12265,111.040333151,1,N3S3551,190.0.1.3,190.0.1.1,96,NetworkReceiveFromLower,0,3551,20,Control,IPPROTO_ICMP,0,,2.0
12280,111.142693151,1,N3S3559,190.0.1.3,190.0.1.1,96,NetworkReceiveFromLower,0,3559,20,Control,IPPROTO_ICMP,0,,2.0
12295,111.243753127,1,N3S3567,190.0.1.3,190.0.1.1,96,NetworkReceiveFromLower,0,3567,20,Control,IPPROTO_ICMP,0,,2.0
12310,111.341993151,1,N3S3575,190.0.1.3,190.0.1.1,96,NetworkReceiveFromLower,0,3575,20,Control,IPPROTO_ICMP,0,,2.0
12325,111.442773151,1,N3S3583,190.0.1.3,190.0.1.1,96,NetworkReceiveFromLower,0,3583,20,Control,IPPROTO_ICMP,0,,2.0
12340,111.545133151,1,N3S3591,190.0.1.3,190.0.1.1,96,NetworkReceiveFromLower,0,3591,20,Control,IPPROTO_ICMP,0,,2.0
12365,111.745830152,1,N3S3604,190.0.1.3,190.0.1.1,96,NetworkReceiveFromLower,0,3604,20,Control,IPPROTO_ICMP,0,,2.0
12380,111.843313151,1,N3S3612,190.0.1.3,190.0.1.1,96,NetworkReceiveFromLower,0,3612,20,Control,IPPROTO_ICMP,0,,2.0
12395,111.942593183,1,N3S3620,190.0.1.3,190.0.1.1,96,NetworkReceiveFromLower,0,3620,20,Control,IPPROTO_ICMP,0,,2.0
12422,112.052056153,1,N3S3630,190.0.1.3,190.0.1.1,96,NetworkReceiveFromLower,0,3630,20,Control,IPPROTO_ICMP,0,,2.0
12434,112.119043289,1,N2S3349,190.0.1.2,255.255.255.255,64,NetworkReceiveFromLower,0,3349,20,Data,IPPROTO_UDP,192,,1.0
12443,112.144758151,1,N3S3638,190.0.1.3,190.0.1.1,96,NetworkReceiveFromLower,0,3638,20,Control,IPPROTO_ICMP,0,,2.0
12458,112.242753183,1,N3S3646,190.0.1.3,190.0.1.1,96,NetworkReceiveFromLower,0,3646,20,Control,IPPROTO_ICMP,0,,2.0
12473,112.340633183,1,N3S3654,190.0.1.3,190.0.1.1,96,NetworkReceiveFromLower,0,3654,20,Control,IPPROTO_ICMP,0,,2.0
12488,112.439413151,1,N3S3662,190.0.1.3,190.0.1.1,96,NetworkReceiveFromLower,0,3662,20,Control,IPPROTO_ICMP,0,,2.0
12513,112.642033183,1,N3S3675,190.0.1.3,190.0.1.1,96,NetworkReceiveFromLower,0,3675,20,Control,IPPROTO_ICMP,0,,2.0
12528,112.738393183,1,N3S3683,190.0.1.3,190.0.1.1,96,NetworkReceiveFromLower,0,3683,20,Control,IPPROTO_ICMP,0,,2.0
12553,112.941973183,1,N3S3697,190.0.1.3,190.0.1.1,96,NetworkReceiveFromLower,0,3697,20,Control,IPPROTO_ICMP,0,,2.0
12578,113.147565208,1,N3S3713,190.0.1.3,190.0.1.1,96,NetworkReceiveFromLower,0,3713,20,Control,IPPROTO_ICMP,0,,2.0
12593,113.240473183,1,N3S3721,190.0.1.3,190.0.1.1,96,NetworkReceiveFromLower,0,3721,20,Control,IPPROTO_ICMP,0,,2.0
12608,113.340973183,1,N3S3729,190.0.1.3,190.0.1.1,96,NetworkReceiveFromLower,0,3729,20,Control,IPPROTO_ICMP,0,,2.0
12623,113.442873207,1,N3S3737,190.0.1.3,190.0.1.1,96,NetworkReceiveFromLower,0,3737,20,Control,IPPROTO_ICMP,0,,2.0
12638,113.547490208,1,N3S3746,190.0.1.3,190.0.1.1,96,NetworkReceiveFromLower,0,3746,20,Control,IPPROTO_ICMP,0,,2.0
12653,113.640073183,1,N3S3754,190.0.1.3,190.0.1.1,96,NetworkReceiveFromLower,0,3754,20,Control,IPPROTO_ICMP,0,,2.0
12668,113.740913207,1,N3S3762,190.0.1.3,190.0.1.1,96,NetworkReceiveFromLower,0,3762,20,Control,IPPROTO_ICMP,0,,2.0
12683,113.844153207,1,N3S3770,190.0.1.3,190.0.1.1,96,NetworkReceiveFromLower,0,3770,20,Control,IPPROTO_ICMP,0,,2.0
12698,113.940733207,1,N3S3778,190.0.1.3,190.0.1.1,96,NetworkReceiveFromLower,0,3778,20,Control,IPPROTO_ICMP,0,,2.0
12726,114.095111106,1,N2S3460,190.0.1.2,255.255.255.255,64,NetworkReceiveFromLower,0,3460,20,Data,IPPROTO_UDP,192,,1.0
12753,114.240793207,1,N3S3794,190.0.1.3,190.0.1.1,96,NetworkReceiveFromLower,0,3794,20,Control,IPPROTO_ICMP,0,,2.0
12768,114.343553231,1,N3S3802,190.0.1.3,190.0.1.1,96,NetworkReceiveFromLower,0,3802,20,Control,IPPROTO_ICMP,0,,2.0
12793,114.544913207,1,N3S3813,190.0.1.3,190.0.1.1,96,NetworkReceiveFromLower,0,3813,20,Control,IPPROTO_ICMP,0,,2.0
12808,114.642913231,1,N3S3821,190.0.1.3,190.0.1.1,96,NetworkReceiveFromLower,0,3821,20,Control,IPPROTO_ICMP,0,,2.0
12823,114.741633231,1,N3S3829,190.0.1.3,190.0.1.1,96,NetworkReceiveFromLower,0,3829,20,Control,IPPROTO_ICMP,0,,2.0
12848,114.943473231,1,N3S3843,190.0.1.3,190.0.1.1,96,NetworkReceiveFromLower,0,3843,20,Control,IPPROTO_ICMP,0,,2.0
12863,115.049170232,1,N3S3852,190.0.1.3,190.0.1.1,96,NetworkReceiveFromLower,0,3852,20,Control,IPPROTO_ICMP,0,,2.0
12867,115.089902718,1,N2S3513,190.0.1.2,255.255.255.255,56,NetworkReceiveFromLower,0,3513,20,Data,IPPROTO_UDP,192,,1.0
12890,115.142431232,1,N3S3861,190.0.1.3,190.0.1.1,96,NetworkReceiveFromLower,0,3861,20,Control,IPPROTO_ICMP,0,,2.0
12941,115.543493263,1,N3S3884,190.0.1.3,190.0.1.1,96,NetworkReceiveFromLower,0,3884,20,Control,IPPROTO_ICMP,0,,2.0
12945,115.576915963,1,N2S3528,190.0.1.2,255.255.255.255,56,NetworkReceiveFromLower,0,3528,20,Data,IPPROTO_UDP,192,,1.0
12962,115.640653231,1,N3S3892,190.0.1.3,190.0.1.1,96,NetworkReceiveFromLower,0,3892,20,Control,IPPROTO_ICMP,0,,2.0
12977,115.743053231,1,N3S3900,190.0.1.3,190.0.1.1,96,NetworkReceiveFromLower,0,3900,20,Control,IPPROTO_ICMP,0,,2.0
12992,115.843753263,1,N3S3908,190.0.1.3,190.0.1.1,96,NetworkReceiveFromLower,0,3908,20,Control,IPPROTO_ICMP,0,,2.0
13009,115.944377263,1,N3S3916,190.0.1.3,190.0.1.1,96,NetworkReceiveFromLower,0,3916,20,Control,IPPROTO_ICMP,0,,2.0
13026,116.044970232,1,N3S3925,190.0.1.3,190.0.1.1,96,NetworkReceiveFromLower,0,3925,20,Control,IPPROTO_ICMP,0,,2.0
13046,116.130112633,1,N2S3569,190.0.1.2,255.255.255.255,64,NetworkReceiveFromLower,0,3569,20,Data,IPPROTO_UDP,192,,1.0
13055,116.150695264,1,N3S3933,190.0.1.3,190.0.1.1,96,NetworkReceiveFromLower,0,3933,20,Control,IPPROTO_ICMP,0,,2.0
13070,116.240113263,1,N3S3941,190.0.1.3,190.0.1.1,96,NetworkReceiveFromLower,0,3941,20,Control,IPPROTO_ICMP,0,,2.0
13095,116.440013263,1,N3S3952,190.0.1.3,190.0.1.1,96,NetworkReceiveFromLower,0,3952,20,Control,IPPROTO_ICMP,0,,2.0
13110,116.539873263,1,N3S3960,190.0.1.3,190.0.1.1,96,NetworkReceiveFromLower,0,3960,20,Control,IPPROTO_ICMP,0,,2.0
13135,116.749150288,1,N3S3972,190.0.1.3,190.0.1.1,96,NetworkReceiveFromLower,0,3972,20,Control,IPPROTO_ICMP,0,,2.0
13150,116.843373263,1,N3S3980,190.0.1.3,190.0.1.1,96,NetworkReceiveFromLower,0,3980,20,Control,IPPROTO_ICMP,0,,2.0
13165,116.941373263,1,N3S3988,190.0.1.3,190.0.1.1,96,NetworkReceiveFromLower,0,3988,20,Control,IPPROTO_ICMP,0,,2.0
13190,117.141493287,1,N3S4002,190.0.1.3,190.0.1.1,96,NetworkReceiveFromLower,0,4002,20,Control,IPPROTO_ICMP,0,,2.0
13205,117.241573263,1,N3S4010,190.0.1.3,190.0.1.1,96,NetworkReceiveFromLower,0,4010,20,Control,IPPROTO_ICMP,0,,2.0
13220,117.342313287,1,N3S4018,190.0.1.3,190.0.1.1,96,NetworkReceiveFromLower,0,4018,20,Control,IPPROTO_ICMP,0,,2.0
13235,117.444870288,1,N3S4026,190.0.1.3,190.0.1.1,96,NetworkReceiveFromLower,0,4026,20,Control,IPPROTO_ICMP,0,,2.0
13260,117.644206288,1,N3S4040,190.0.1.3,190.0.1.1,96,NetworkReceiveFromLower,0,4040,20,Control,IPPROTO_ICMP,0,,2.0
13275,117.740713287,1,N3S4048,190.0.1.3,190.0.1.1,96,NetworkReceiveFromLower,0,4048,20,Control,IPPROTO_ICMP,0,,2.0
13290,117.838853287,1,N3S4056,190.0.1.3,190.0.1.1,96,NetworkReceiveFromLower,0,4056,20,Control,IPPROTO_ICMP,0,,2.0
13307,117.938417311,1,N3S4064,190.0.1.3,190.0.1.1,96,NetworkReceiveFromLower,0,4064,20,Control,IPPROTO_ICMP,0,,2.0
13324,118.041437287,1,N3S4073,190.0.1.3,190.0.1.1,96,NetworkReceiveFromLower,0,4073,20,Control,IPPROTO_ICMP,0,,2.0
13347,118.140526287,1,N3S4081,190.0.1.3,190.0.1.1,96,NetworkReceiveFromLower,0,4081,20,Control,IPPROTO_ICMP,0,,2.0
13351,118.165818378,1,N2S3682,190.0.1.2,255.255.255.255,64,NetworkReceiveFromLower,0,3682,20,Data,IPPROTO_UDP,192,,1.0
13368,118.241133311,1,N3S4089,190.0.1.3,190.0.1.1,96,NetworkReceiveFromLower,0,4089,20,Control,IPPROTO_ICMP,0,,2.0
13383,118.338693311,1,N3S4097,190.0.1.3,190.0.1.1,96,NetworkReceiveFromLower,0,4097,20,Control,IPPROTO_ICMP,0,,2.0
13408,118.550310312,1,N3S4110,190.0.1.3,190.0.1.1,96,NetworkReceiveFromLower,0,4110,20,Control,IPPROTO_ICMP,0,,2.0
13423,118.641433311,1,N3S4118,190.0.1.3,190.0.1.1,96,NetworkReceiveFromLower,0,4118,20,Control,IPPROTO_ICMP,0,,2.0
13438,118.741353311,1,N3S4126,190.0.1.3,190.0.1.1,96,NetworkReceiveFromLower,0,4126,20,Control,IPPROTO_ICMP,0,,2.0
13463,118.941033311,1,N3S4140,190.0.1.3,190.0.1.1,96,NetworkReceiveFromLower,0,4140,20,Control,IPPROTO_ICMP,0,,2.0
13478,119.043853311,1,N3S4148,190.0.1.3,190.0.1.1,96,NetworkReceiveFromLower,0,4148,20,Control,IPPROTO_ICMP,0,,2.0
13493,119.143373343,1,N3S4156,190.0.1.3,190.0.1.1,96,NetworkReceiveFromLower,0,4156,20,Control,IPPROTO_ICMP,0,,2.0
13508,119.238593311,1,N3S4164,190.0.1.3,190.0.1.1,96,NetworkReceiveFromLower,0,4164,20,Control,IPPROTO_ICMP,0,,2.0
13523,119.341893311,1,N3S4172,190.0.1.3,190.0.1.1,96,NetworkReceiveFromLower,0,4172,20,Control,IPPROTO_ICMP,0,,2.0
13548,119.540713343,1,N3S4184,190.0.1.3,190.0.1.1,96,NetworkReceiveFromLower,0,4184,20,Control,IPPROTO_ICMP,0,,2.0
13563,119.642813311,1,N3S4192,190.0.1.3,190.0.1.1,96,NetworkReceiveFromLower,0,4192,20,Control,IPPROTO_ICMP,0,,2.0
13588,119.844597343,1,N3S4206,190.0.1.3,190.0.1.1,96,NetworkReceiveFromLower,0,4206,20,Control,IPPROTO_ICMP,0,,2.0
13603,119.940953343,1,N3S4214,190.0.1.3,190.0.1.1,96,NetworkReceiveFromLower,0,4214,20,Control,IPPROTO_ICMP,0,,2.0
13625,120.095694711,1,N2S3789,190.0.1.2,255.255.255.255,64,NetworkReceiveFromLower,0,3789,20,Data,IPPROTO_UDP,192,,1.0
13641,120.110386153,1,N2S3790,190.0.1.2,255.255.255.255,56,NetworkReceiveFromLower,0,3790,20,Data,IPPROTO_UDP,192,,1.0
13671,120.44293284,1,N2S3791,190.0.1.2,255.255.255.255,56,NetworkReceiveFromLower,0,3791,20,Data,IPPROTO_UDP,192,,1.0
13757,122.12868478,1,N2S3792,190.0.1.2,255.255.255.255,64,NetworkReceiveFromLower,0,3792,20,Data,IPPROTO_UDP,192,,1.0
13774,122.243233391,1,N3S4230,190.0.1.3,190.0.1.1,96,NetworkReceiveFromLower,0,4230,20,Control,IPPROTO_ICMP,0,,2.0
13789,122.343173391,1,N3S4238,190.0.1.3,190.0.1.1,96,NetworkReceiveFromLower,0,4238,20,Control,IPPROTO_ICMP,0,,2.0
13804,122.443373391,1,N3S4246,190.0.1.3,190.0.1.1,96,NetworkReceiveFromLower,0,4246,20,Control,IPPROTO_ICMP,0,,2.0
13819,122.543193391,1,N3S4254,190.0.1.3,190.0.1.1,96,NetworkReceiveFromLower,0,4254,20,Control,IPPROTO_ICMP,0,,2.0
13844,122.745053423,1,N3S4266,190.0.1.3,190.0.1.1,96,NetworkReceiveFromLower,0,4266,20,Control,IPPROTO_ICMP,0,,2.0
13859,122.841973391,1,N3S4274,190.0.1.3,190.0.1.1,96,NetworkReceiveFromLower,0,4274,20,Control,IPPROTO_ICMP,0,,2.0
13874,122.942513391,1,N3S4282,190.0.1.3,190.0.1.1,96,NetworkReceiveFromLower,0,4282,20,Control,IPPROTO_ICMP,0,,2.0
13889,123.040053423,1,N3S4290,190.0.1.3,190.0.1.1,96,NetworkReceiveFromLower,0,4290,20,Control,IPPROTO_ICMP,0,,2.0
13904,123.143853423,1,N3S4298,190.0.1.3,190.0.1.1,96,NetworkReceiveFromLower,0,4298,20,Control,IPPROTO_ICMP,0,,2.0
13919,123.240393391,1,N3S4306,190.0.1.3,190.0.1.1,96,NetworkReceiveFromLower,0,4306,20,Control,IPPROTO_ICMP,0,,2.0
13934,123.343433423,1,N3S4314,190.0.1.3,190.0.1.1,96,NetworkReceiveFromLower,0,4314,20,Control,IPPROTO_ICMP,0,,2.0
13949,123.443433423,1,N3S4322,190.0.1.3,190.0.1.1,96,NetworkReceiveFromLower,0,4322,20,Control,IPPROTO_ICMP,0,,2.0
13964,123.542793423,1,N3S4330,190.0.1.3,190.0.1.1,96,NetworkReceiveFromLower,0,4330,20,Control,IPPROTO_ICMP,0,,2.0
13979,123.641993423,1,N3S4338,190.0.1.3,190.0.1.1,96,NetworkReceiveFromLower,0,4338,20,Control,IPPROTO_ICMP,0,,2.0
13994,123.757207425,1,N3S4348,190.0.1.3,190.0.1.1,96,NetworkReceiveFromLower,0,4348,20,Control,IPPROTO_ICMP,0,,2.0
14009,123.841413423,1,N3S4356,190.0.1.3,190.0.1.1,96,NetworkReceiveFromLower,0,4356,20,Control,IPPROTO_ICMP,0,,2.0
14024,123.944093447,1,N3S4364,190.0.1.3,190.0.1.1,96,NetworkReceiveFromLower,0,4364,20,Control,IPPROTO_ICMP,0,,2.0
14039,124.041993423,1,N3S4373,190.0.1.3,190.0.1.1,96,NetworkReceiveFromLower,0,4373,20,Control,IPPROTO_ICMP,0,,2.0
14064,124.145566423,1,N3S4381,190.0.1.3,190.0.1.1,96,NetworkReceiveFromLower,0,4381,20,Control,IPPROTO_ICMP,0,,2.0
14068,124.156187698,1,N2S3906,190.0.1.2,255.255.255.255,64,NetworkReceiveFromLower,0,3906,20,Data,IPPROTO_UDP,192,,1.0
14085,124.240393447,1,N3S4389,190.0.1.3,190.0.1.1,96,NetworkReceiveFromLower,0,4389,20,Control,IPPROTO_ICMP,0,,2.0
14100,124.344253447,1,N3S4397,190.0.1.3,190.0.1.1,96,NetworkReceiveFromLower,0,4397,20,Control,IPPROTO_ICMP,0,,2.0
14115,124.439413423,1,N3S4405,190.0.1.3,190.0.1.1,96,NetworkReceiveFromLower,0,4405,20,Control,IPPROTO_ICMP,0,,2.0
14130,124.542733447,1,N3S4413,190.0.1.3,190.0.1.1,96,NetworkReceiveFromLower,0,4413,20,Control,IPPROTO_ICMP,0,,2.0
14145,124.643653447,1,N3S4421,190.0.1.3,190.0.1.1,96,NetworkReceiveFromLower,0,4421,20,Control,IPPROTO_ICMP,0,,2.0
14160,124.743673447,1,N3S4429,190.0.1.3,190.0.1.1,96,NetworkReceiveFromLower,0,4429,20,Control,IPPROTO_ICMP,0,,2.0
14175,124.843733447,1,N3S4437,190.0.1.3,190.0.1.1,96,NetworkReceiveFromLower,0,4437,20,Control,IPPROTO_ICMP,0,,2.0
14190,124.942593447,1,N3S4445,190.0.1.3,190.0.1.1,96,NetworkReceiveFromLower,0,4445,20,Control,IPPROTO_ICMP,0,,2.0
14205,125.042533447,1,N3S4454,190.0.1.3,190.0.1.1,96,NetworkReceiveFromLower,0,4454,20,Control,IPPROTO_ICMP,0,,2.0
14220,125.140133471,1,N3S4462,190.0.1.3,190.0.1.1,96,NetworkReceiveFromLower,0,4462,20,Control,IPPROTO_ICMP,0,,2.0
14235,125.244073447,1,N3S4470,190.0.1.3,190.0.1.1,96,NetworkReceiveFromLower,0,4470,20,Control,IPPROTO_ICMP,0,,2.0
14250,125.339693447,1,N3S4478,190.0.1.3,190.0.1.1,96,NetworkReceiveFromLower,0,4478,20,Control,IPPROTO_ICMP,0,,2.0
14273,125.438651471,1,N2S3967,190.0.1.2,255.255.255.255,56,NetworkReceiveFromLower,0,3967,20,Data,IPPROTO_UDP,192,,1.0
14277,125.440686472,1,N3S4486,190.0.1.3,190.0.1.1,96,NetworkReceiveFromLower,0,4486,20,Control,IPPROTO_ICMP,0,,2.0
14281,125.467516057,1,N2S3986,190.0.1.2,255.255.255.255,56,NetworkReceiveFromLower,0,3986,20,Data,IPPROTO_UDP,192,,1.0
14298,125.544853471,1,N3S4495,190.0.1.3,190.0.1.1,96,NetworkReceiveFromLower,0,4495,20,Control,IPPROTO_ICMP,0,,2.0
14317,125.641746448,1,N3S4503,190.0.1.3,190.0.1.1,96,NetworkReceiveFromLower,0,4503,20,Control,IPPROTO_ICMP,0,,2.0
14334,125.740137471,1,N3S4511,190.0.1.3,190.0.1.1,96,NetworkReceiveFromLower,0,4511,20,Control,IPPROTO_ICMP,0,,2.0
14349,125.842313471,1,N3S4519,190.0.1.3,190.0.1.1,96,NetworkReceiveFromLower,0,4519,20,Control,IPPROTO_ICMP,0,,2.0
14364,125.946370472,1,N3S4528,190.0.1.3,190.0.1.1,96,NetworkReceiveFromLower,0,4528,20,Control,IPPROTO_ICMP,0,,2.0
14379,126.039153471,1,N3S4537,190.0.1.3,190.0.1.1,96,NetworkReceiveFromLower,0,4537,20,Control,IPPROTO_ICMP,0,,2.0
14395,126.1182619,1,N2S4030,190.0.1.2,255.255.255.255,64,NetworkReceiveFromLower,0,4030,20,Data,IPPROTO_UDP,192,,1.0
14414,126.145961472,1,N3S4545,190.0.1.3,190.0.1.1,96,NetworkReceiveFromLower,0,4545,20,Control,IPPROTO_ICMP,0,,2.0
14429,126.245833471,1,N3S4553,190.0.1.3,190.0.1.1,96,NetworkReceiveFromLower,0,4553,20,Control,IPPROTO_ICMP,0,,2.0
14444,126.339833503,1,N3S4561,190.0.1.3,190.0.1.1,96,NetworkReceiveFromLower,0,4561,20,Control,IPPROTO_ICMP,0,,2.0
14459,126.441253471,1,N3S4569,190.0.1.3,190.0.1.1,96,NetworkReceiveFromLower,0,4569,20,Control,IPPROTO_ICMP,0,,2.0
14484,126.645653503,1,N3S4581,190.0.1.3,190.0.1.1,96,NetworkReceiveFromLower,0,4581,20,Control,IPPROTO_ICMP,0,,2.0
14499,126.743373503,1,N3S4589,190.0.1.3,190.0.1.1,96,NetworkReceiveFromLower,0,4589,20,Control,IPPROTO_ICMP,0,,2.0
14514,126.841553471,1,N3S4597,190.0.1.3,190.0.1.1,96,NetworkReceiveFromLower,0,4597,20,Control,IPPROTO_ICMP,0,,2.0
14529,126.942053503,1,N3S4605,190.0.1.3,190.0.1.1,96,NetworkReceiveFromLower,0,4605,20,Control,IPPROTO_ICMP,0,,2.0
14544,127.040973503,1,N3S4613,190.0.1.3,190.0.1.1,96,NetworkReceiveFromLower,0,4613,20,Control,IPPROTO_ICMP,0,,2.0
14559,127.147610504,1,N3S4621,190.0.1.3,190.0.1.1,96,NetworkReceiveFromLower,0,4621,20,Control,IPPROTO_ICMP,0,,2.0
14574,127.238533503,1,N3S4629,190.0.1.3,190.0.1.1,96,NetworkReceiveFromLower,0,4629,20,Control,IPPROTO_ICMP,0,,2.0
14589,127.339293503,1,N3S4637,190.0.1.3,190.0.1.1,96,NetworkReceiveFromLower,0,4637,20,Control,IPPROTO_ICMP,0,,2.0
14604,127.443933503,1,N3S4645,190.0.1.3,190.0.1.1,96,NetworkReceiveFromLower,0,4645,20,Control,IPPROTO_ICMP,0,,2.0
14619,127.542473527,1,N3S4653,190.0.1.3,190.0.1.1,96,NetworkReceiveFromLower,0,4653,20,Control,IPPROTO_ICMP,0,,2.0
14634,127.641673503,1,N3S4661,190.0.1.3,190.0.1.1,96,NetworkReceiveFromLower,0,4661,20,Control,IPPROTO_ICMP,0,,2.0
14649,127.740193503,1,N3S4669,190.0.1.3,190.0.1.1,96,NetworkReceiveFromLower,0,4669,20,Control,IPPROTO_ICMP,0,,2.0
14664,127.843153527,1,N3S4677,190.0.1.3,190.0.1.1,96,NetworkReceiveFromLower,0,4677,20,Control,IPPROTO_ICMP,0,,2.0
14679,127.941153527,1,N3S4685,190.0.1.3,190.0.1.1,96,NetworkReceiveFromLower,0,4685,20,Control,IPPROTO_ICMP,0,,2.0
14696,128.043273503,1,N3S4694,190.0.1.3,190.0.1.1,96,NetworkReceiveFromLower,0,4694,20,Control,IPPROTO_ICMP,0,,2.0
14719,128.140633527,1,N3S4702,190.0.1.3,190.0.1.1,96,NetworkReceiveFromLower,0,4702,20,Control,IPPROTO_ICMP,0,,2.0
14723,128.160038217,1,N2S4149,190.0.1.2,255.255.255.255,64,NetworkReceiveFromLower,0,4149,20,Data,IPPROTO_UDP,192,,1.0
14740,128.243513527,1,N3S4710,190.0.1.3,190.0.1.1,96,NetworkReceiveFromLower,0,4710,20,Control,IPPROTO_ICMP,0,,2.0
14755,128.344593527,1,N3S4718,190.0.1.3,190.0.1.1,96,NetworkReceiveFromLower,0,4718,20,Control,IPPROTO_ICMP,0,,2.0
14770,128.441673527,1,N3S4726,190.0.1.3,190.0.1.1,96,NetworkReceiveFromLower,0,4726,20,Control,IPPROTO_ICMP,0,,2.0
14785,128.541993527,1,N3S4734,190.0.1.3,190.0.1.1,96,NetworkReceiveFromLower,0,4734,20,Control,IPPROTO_ICMP,0,,2.0
14800,128.641373527,1,N3S4742,190.0.1.3,190.0.1.1,96,NetworkReceiveFromLower,0,4742,20,Control,IPPROTO_ICMP,0,,2.0
14815,128.743313551,1,N3S4750,190.0.1.3,190.0.1.1,96,NetworkReceiveFromLower,0,4750,20,Control,IPPROTO_ICMP,0,,2.0
14830,128.841493527,1,N3S4758,190.0.1.3,190.0.1.1,96,NetworkReceiveFromLower,0,4758,20,Control,IPPROTO_ICMP,0,,2.0
14845,128.941773527,1,N3S4766,190.0.1.3,190.0.1.1,96,NetworkReceiveFromLower,0,4766,20,Control,IPPROTO_ICMP,0,,2.0
14860,129.041973551,1,N3S4774,190.0.1.3,190.0.1.1,96,NetworkReceiveFromLower,0,4774,20,Control,IPPROTO_ICMP,0,,2.0
14875,129.140753551,1,N3S4782,190.0.1.3,190.0.1.1,96,NetworkReceiveFromLower,0,4782,20,Control,IPPROTO_ICMP,0,,2.0
14890,129.242893527,1,N3S4790,190.0.1.3,190.0.1.1,96,NetworkReceiveFromLower,0,4790,20,Control,IPPROTO_ICMP,0,,2.0
14905,129.344193551,1,N3S4798,190.0.1.3,190.0.1.1,96,NetworkReceiveFromLower,0,4798,20,Control,IPPROTO_ICMP,0,,2.0
14920,129.445793551,1,N3S4806,190.0.1.3,190.0.1.1,96,NetworkReceiveFromLower,0,4806,20,Control,IPPROTO_ICMP,0,,2.0
14935,129.542993551,1,N3S4814,190.0.1.3,190.0.1.1,96,NetworkReceiveFromLower,0,4814,20,Control,IPPROTO_ICMP,0,,2.0
14950,129.642893551,1,N3S4822,190.0.1.3,190.0.1.1,96,NetworkReceiveFromLower,0,4822,20,Control,IPPROTO_ICMP,0,,2.0
14965,129.741973551,1,N3S4830,190.0.1.3,190.0.1.1,96,NetworkReceiveFromLower,0,4830,20,Control,IPPROTO_ICMP,0,,2.0
14980,129.840633551,1,N3S4838,190.0.1.3,190.0.1.1,96,NetworkReceiveFromLower,0,4838,20,Control,IPPROTO_ICMP,0,,2.0
14995,129.944613583,1,N3S4846,190.0.1.3,190.0.1.1,96,NetworkReceiveFromLower,0,4846,20,Control,IPPROTO_ICMP,0,,2.0
15032,130.141793551,1,N3S4861,190.0.1.3,190.0.1.1,96,NetworkReceiveFromLower,0,4861,20,Control,IPPROTO_ICMP,0,,2.0
15036,130.183227341,1,N2S4267,190.0.1.2,255.255.255.255,64,NetworkReceiveFromLower,0,4267,20,Data,IPPROTO_UDP,192,,1.0
15051,130.239833583,1,N3S4869,190.0.1.3,190.0.1.1,96,NetworkReceiveFromLower,0,4869,20,Control,IPPROTO_ICMP,0,,2.0
15066,130.345053583,1,N3S4877,190.0.1.3,190.0.1.1,96,NetworkReceiveFromLower,0,4877,20,Control,IPPROTO_ICMP,0,,2.0
15082,130.418231389,1,N2S4268,190.0.1.2,255.255.255.255,56,NetworkReceiveFromLower,0,4268,20,Data,IPPROTO_UDP,192,,1.0
15091,130.440806551,1,N3S4886,190.0.1.3,190.0.1.1,96,NetworkReceiveFromLower,0,4886,20,Control,IPPROTO_ICMP,0,,2.0
15112,130.542913583,1,N3S4894,190.0.1.3,190.0.1.1,96,NetworkReceiveFromLower,0,4894,20,Control,IPPROTO_ICMP,0,,2.0
15116,130.570669808,1,N2S4287,190.0.1.2,255.255.255.255,56,NetworkReceiveFromLower,0,4287,20,Data,IPPROTO_UDP,192,,1.0
15133,130.641093583,1,N3S4902,190.0.1.3,190.0.1.1,96,NetworkReceiveFromLower,0,4902,20,Control,IPPROTO_ICMP,0,,2.0
15148,130.741713583,1,N3S4910,190.0.1.3,190.0.1.1,96,NetworkReceiveFromLower,0,4910,20,Control,IPPROTO_ICMP,0,,2.0
15163,130.842633583,1,N3S4918,190.0.1.3,190.0.1.1,96,NetworkReceiveFromLower,0,4918,20,Control,IPPROTO_ICMP,0,,2.0
15178,130.942553583,1,N3S4926,190.0.1.3,190.0.1.1,96,NetworkReceiveFromLower,0,4926,20,Control,IPPROTO_ICMP,0,,2.0
15193,131.051470584,1,N3S4935,190.0.1.3,190.0.1.1,96,NetworkReceiveFromLower,0,4935,20,Control,IPPROTO_ICMP,0,,2.0
15208,131.140753607,1,N3S4943,190.0.1.3,190.0.1.1,96,NetworkReceiveFromLower,0,4943,20,Control,IPPROTO_ICMP,0,,2.0
15223,131.242973583,1,N3S4951,190.0.1.3,190.0.1.1,96,NetworkReceiveFromLower,0,4951,20,Control,IPPROTO_ICMP,0,,2.0
15238,131.342553583,1,N3S4959,190.0.1.3,190.0.1.1,96,NetworkReceiveFromLower,0,4959,20,Control,IPPROTO_ICMP,0,,2.0
15263,131.542913607,1,N3S4970,190.0.1.3,190.0.1.1,96,NetworkReceiveFromLower,0,4970,20,Control,IPPROTO_ICMP,0,,2.0
15278,131.644073583,1,N3S4978,190.0.1.3,190.0.1.1,96,NetworkReceiveFromLower,0,4978,20,Control,IPPROTO_ICMP,0,,2.0
15293,131.743633607,1,N3S4986,190.0.1.3,190.0.1.1,96,NetworkReceiveFromLower,0,4986,20,Control,IPPROTO_ICMP,0,,2.0
15308,131.840893607,1,N3S4994,190.0.1.3,190.0.1.1,96,NetworkReceiveFromLower,0,4994,20,Control,IPPROTO_ICMP,0,,2.0
15323,131.940813607,1,N3S5002,190.0.1.3,190.0.1.1,96,NetworkReceiveFromLower,0,5002,20,Control,IPPROTO_ICMP,0,,2.0
15338,132.038773607,1,N3S5010,190.0.1.3,190.0.1.1,96,NetworkReceiveFromLower,0,5010,20,Control,IPPROTO_ICMP,0,,2.0
15366,132.140168606,1,N2S4388,190.0.1.2,255.255.255.255,64,NetworkReceiveFromLower,0,4388,20,Data,IPPROTO_UDP,192,,1.0
15373,132.143451607,1,N3S5019,190.0.1.3,190.0.1.1,96,NetworkReceiveFromLower,0,5019,20,Control,IPPROTO_ICMP,0,,2.0
15388,132.240953607,1,N3S5027,190.0.1.3,190.0.1.1,96,NetworkReceiveFromLower,0,5027,20,Control,IPPROTO_ICMP,0,,2.0
15403,132.343753631,1,N3S5035,190.0.1.3,190.0.1.1,96,NetworkReceiveFromLower,0,5035,20,Control,IPPROTO_ICMP,0,,2.0
15418,132.448270608,1,N3S5044,190.0.1.3,190.0.1.1,96,NetworkReceiveFromLower,0,5044,20,Control,IPPROTO_ICMP,0,,2.0
15433,132.543873607,1,N3S5052,190.0.1.3,190.0.1.1,96,NetworkReceiveFromLower,0,5052,20,Control,IPPROTO_ICMP,0,,2.0
15448,132.640993631,1,N3S5060,190.0.1.3,190.0.1.1,96,NetworkReceiveFromLower,0,5060,20,Control,IPPROTO_ICMP,0,,2.0
15463,132.744293631,1,N3S5068,190.0.1.3,190.0.1.1,96,NetworkReceiveFromLower,0,5068,20,Control,IPPROTO_ICMP,0,,2.0
15478,132.842793607,1,N3S5076,190.0.1.3,190.0.1.1,96,NetworkReceiveFromLower,0,5076,20,Control,IPPROTO_ICMP,0,,2.0
15493,132.944513631,1,N3S5084,190.0.1.3,190.0.1.1,96,NetworkReceiveFromLower,0,5084,20,Control,IPPROTO_ICMP,0,,2.0
15508,133.044633631,1,N3S5092,190.0.1.3,190.0.1.1,96,NetworkReceiveFromLower,0,5092,20,Control,IPPROTO_ICMP,0,,2.0
15523,133.140533631,1,N3S5100,190.0.1.3,190.0.1.1,96,NetworkReceiveFromLower,0,5100,20,Control,IPPROTO_ICMP,0,,2.0
15538,133.239593631,1,N3S5108,190.0.1.3,190.0.1.1,96,NetworkReceiveFromLower,0,5108,20,Control,IPPROTO_ICMP,0,,2.0
15553,133.343633631,1,N3S5116,190.0.1.3,190.0.1.1,96,NetworkReceiveFromLower,0,5116,20,Control,IPPROTO_ICMP,0,,2.0
15568,133.444053631,1,N3S5124,190.0.1.3,190.0.1.1,96,NetworkReceiveFromLower,0,5124,20,Control,IPPROTO_ICMP,0,,2.0
15583,133.542453663,1,N3S5132,190.0.1.3,190.0.1.1,96,NetworkReceiveFromLower,0,5132,20,Control,IPPROTO_ICMP,0,,2.0
15598,133.641773631,1,N3S5140,190.0.1.3,190.0.1.1,96,NetworkReceiveFromLower,0,5140,20,Control,IPPROTO_ICMP,0,,2.0
15613,133.746153631,1,N3S5148,190.0.1.3,190.0.1.1,96,NetworkReceiveFromLower,0,5148,20,Control,IPPROTO_ICMP,0,,2.0
15628,133.842733663,1,N3S5156,190.0.1.3,190.0.1.1,96,NetworkReceiveFromLower,0,5156,20,Control,IPPROTO_ICMP,0,,2.0
15643,133.941873663,1,N3S5164,190.0.1.3,190.0.1.1,96,NetworkReceiveFromLower,0,5164,20,Control,IPPROTO_ICMP,0,,2.0
15660,134.043773631,1,N3S5173,190.0.1.3,190.0.1.1,96,NetworkReceiveFromLower,0,5173,20,Control,IPPROTO_ICMP,0,,2.0
15685,134.141103664,1,N3S5181,190.0.1.3,190.0.1.1,96,NetworkReceiveFromLower,0,5181,20,Control,IPPROTO_ICMP,0,,2.0
15689,134.150441247,1,N2S4510,190.0.1.2,255.255.255.255,64,NetworkReceiveFromLower,0,4510,20,Data,IPPROTO_UDP,192,,1.0
15706,134.250290664,1,N3S5190,190.0.1.3,190.0.1.1,96,NetworkReceiveFromLower,0,5190,20,Control,IPPROTO_ICMP,0,,2.0
15721,134.343373663,1,N3S5198,190.0.1.3,190.0.1.1,96,NetworkReceiveFromLower,0,5198,20,Control,IPPROTO_ICMP,0,,2.0
15736,134.447250664,1,N3S5206,190.0.1.3,190.0.1.1,96,NetworkReceiveFromLower,0,5206,20,Control,IPPROTO_ICMP,0,,2.0
15751,134.537853663,1,N3S5214,190.0.1.3,190.0.1.1,96,NetworkReceiveFromLower,0,5214,20,Control,IPPROTO_ICMP,0,,2.0
15766,134.641553663,1,N3S5222,190.0.1.3,190.0.1.1,96,NetworkReceiveFromLower,0,5222,20,Control,IPPROTO_ICMP,0,,2.0
15781,134.744893687,1,N3S5230,190.0.1.3,190.0.1.1,96,NetworkReceiveFromLower,0,5230,20,Control,IPPROTO_ICMP,0,,2.0
15796,134.842813663,1,N3S5238,190.0.1.3,190.0.1.1,96,NetworkReceiveFromLower,0,5238,20,Control,IPPROTO_ICMP,0,,2.0
15811,134.941753663,1,N3S5246,190.0.1.3,190.0.1.1,96,NetworkReceiveFromLower,0,5246,20,Control,IPPROTO_ICMP,0,,2.0
15826,135.041733687,1,N3S5255,190.0.1.3,190.0.1.1,96,NetworkReceiveFromLower,0,5255,20,Control,IPPROTO_ICMP,0,,2.0
15841,135.139193687,1,N3S5263,190.0.1.3,190.0.1.1,96,NetworkReceiveFromLower,0,5263,20,Control,IPPROTO_ICMP,0,,2.0
15845,135.141917735,1,N2S4573,190.0.1.2,255.255.255.255,56,NetworkReceiveFromLower,0,4573,20,Data,IPPROTO_UDP,192,,1.0
15862,135.240633663,1,N3S5272,190.0.1.3,190.0.1.1,96,NetworkReceiveFromLower,0,5272,20,Control,IPPROTO_ICMP,0,,2.0
15877,135.344893687,1,N3S5280,190.0.1.3,190.0.1.1,96,NetworkReceiveFromLower,0,5280,20,Control,IPPROTO_ICMP,0,,2.0
15896,135.444753687,1,N3S5288,190.0.1.3,190.0.1.1,96,NetworkReceiveFromLower,0,5288,20,Control,IPPROTO_ICMP,0,,2.0
15917,135.541333687,1,N3S5296,190.0.1.3,190.0.1.1,96,NetworkReceiveFromLower,0,5296,20,Control,IPPROTO_ICMP,0,,2.0
15921,135.555181548,1,N2S4598,190.0.1.2,255.255.255.255,56,NetworkReceiveFromLower,0,4598,20,Data,IPPROTO_UDP,192,,1.0
15938,135.642953687,1,N3S5304,190.0.1.3,190.0.1.1,96,NetworkReceiveFromLower,0,5304,20,Control,IPPROTO_ICMP,0,,2.0
15953,135.740273687,1,N3S5312,190.0.1.3,190.0.1.1,96,NetworkReceiveFromLower,0,5312,20,Control,IPPROTO_ICMP,0,,2.0
15968,135.844593687,1,N3S5320,190.0.1.3,190.0.1.1,96,NetworkReceiveFromLower,0,5320,20,Control,IPPROTO_ICMP,0,,2.0
15983,135.941653711,1,N3S5328,190.0.1.3,190.0.1.1,96,NetworkReceiveFromLower,0,5328,20,Control,IPPROTO_ICMP,0,,2.0
16000,136.051893688,1,N3S5338,190.0.1.3,190.0.1.1,96,NetworkReceiveFromLower,0,5338,20,Control,IPPROTO_ICMP,0,,2.0
16021,136.140733687,1,N3S5346,190.0.1.3,190.0.1.1,96,NetworkReceiveFromLower,0,5346,20,Control,IPPROTO_ICMP,0,,2.0
16025,136.171101867,1,N2S4635,190.0.1.2,255.255.255.255,64,NetworkReceiveFromLower,0,4635,20,Data,IPPROTO_UDP,192,,1.0
16042,136.242713711,1,N3S5354,190.0.1.3,190.0.1.1,96,NetworkReceiveFromLower,0,5354,20,Control,IPPROTO_ICMP,0,,2.0
16057,136.343953711,1,N3S5362,190.0.1.3,190.0.1.1,96,NetworkReceiveFromLower,0,5362,20,Control,IPPROTO_ICMP,0,,2.0
16072,136.443193687,1,N3S5370,190.0.1.3,190.0.1.1,96,NetworkReceiveFromLower,0,5370,20,Control,IPPROTO_ICMP,0,,2.0
16087,136.543833711,1,N3S5378,190.0.1.3,190.0.1.1,96,NetworkReceiveFromLower,0,5378,20,Control,IPPROTO_ICMP,0,,2.0
16102,136.643973711,1,N3S5386,190.0.1.3,190.0.1.1,96,NetworkReceiveFromLower,0,5386,20,Control,IPPROTO_ICMP,0,,2.0
16117,136.738993711,1,N3S5394,190.0.1.3,190.0.1.1,96,NetworkReceiveFromLower,0,5394,20,Control,IPPROTO_ICMP,0,,2.0
16132,136.841913711,1,N3S5402,190.0.1.3,190.0.1.1,96,NetworkReceiveFromLower,0,5402,20,Control,IPPROTO_ICMP,0,,2.0
16147,136.942333711,1,N3S5410,190.0.1.3,190.0.1.1,96,NetworkReceiveFromLower,0,5410,20,Control,IPPROTO_ICMP,0,,2.0
16162,137.046730712,1,N3S5419,190.0.1.3,190.0.1.1,96,NetworkReceiveFromLower,0,5419,20,Control,IPPROTO_ICMP,0,,2.0
16177,137.139273743,1,N3S5427,190.0.1.3,190.0.1.1,96,NetworkReceiveFromLower,0,5427,20,Control,IPPROTO_ICMP,0,,2.0
16192,137.242873711,1,N3S5435,190.0.1.3,190.0.1.1,96,NetworkReceiveFromLower,0,5435,20,Control,IPPROTO_ICMP,0,,2.0
16207,137.342333711,1,N3S5443,190.0.1.3,190.0.1.1,96,NetworkReceiveFromLower,0,5443,20,Control,IPPROTO_ICMP,0,,2.0
16222,137.441293743,1,N3S5451,190.0.1.3,190.0.1.1,96,NetworkReceiveFromLower,0,5451,20,Control,IPPROTO_ICMP,0,,2.0
16237,137.541433743,1,N3S5459,190.0.1.3,190.0.1.1,96,NetworkReceiveFromLower,0,5459,20,Control,IPPROTO_ICMP,0,,2.0
16252,137.640053711,1,N3S5467,190.0.1.3,190.0.1.1,96,NetworkReceiveFromLower,0,5467,20,Control,IPPROTO_ICMP,0,,2.0
16267,137.740653743,1,N3S5475,190.0.1.3,190.0.1.1,96,NetworkReceiveFromLower,0,5475,20,Control,IPPROTO_ICMP,0,,2.0
16282,137.842833743,1,N3S5483,190.0.1.3,190.0.1.1,96,NetworkReceiveFromLower,0,5483,20,Control,IPPROTO_ICMP,0,,2.0
16297,137.944173743,1,N3S5491,190.0.1.3,190.0.1.1,96,NetworkReceiveFromLower,0,5491,20,Control,IPPROTO_ICMP,0,,2.0
16312,138.044493743,1,N3S5500,190.0.1.3,190.0.1.1,96,NetworkReceiveFromLower,0,5500,20,Control,IPPROTO_ICMP,0,,2.0
16339,138.141966743,1,N3S5508,190.0.1.3,190.0.1.1,96,NetworkReceiveFromLower,0,5508,20,Control,IPPROTO_ICMP,0,,2.0
16343,138.157229916,1,N2S4757,190.0.1.2,255.255.255.255,64,NetworkReceiveFromLower,0,4757,20,Data,IPPROTO_UDP,192,,1.0
16360,138.241293743,1,N3S5516,190.0.1.3,190.0.1.1,96,NetworkReceiveFromLower,0,5516,20,Control,IPPROTO_ICMP,0,,2.0
16375,138.342933767,1,N3S5524,190.0.1.3,190.0.1.1,96,NetworkReceiveFromLower,0,5524,20,Control,IPPROTO_ICMP,0,,2.0
16390,138.438553743,1,N3S5532,190.0.1.3,190.0.1.1,96,NetworkReceiveFromLower,0,5532,20,Control,IPPROTO_ICMP,0,,2.0
16405,138.541773743,1,N3S5540,190.0.1.3,190.0.1.1,96,NetworkReceiveFromLower,0,5540,20,Control,IPPROTO_ICMP,0,,2.0
16420,138.645533767,1,N3S5548,190.0.1.3,190.0.1.1,96,NetworkReceiveFromLower,0,5548,20,Control,IPPROTO_ICMP,0,,2.0
16435,138.741073767,1,N3S5556,190.0.1.3,190.0.1.1,96,NetworkReceiveFromLower,0,5556,20,Control,IPPROTO_ICMP,0,,2.0
16450,138.843833743,1,N3S5564,190.0.1.3,190.0.1.1,96,NetworkReceiveFromLower,0,5564,20,Control,IPPROTO_ICMP,0,,2.0
16465,138.942693767,1,N3S5572,190.0.1.3,190.0.1.1,96,NetworkReceiveFromLower,0,5572,20,Control,IPPROTO_ICMP,0,,2.0
16480,139.042753767,1,N3S5580,190.0.1.3,190.0.1.1,96,NetworkReceiveFromLower,0,5580,20,Control,IPPROTO_ICMP,0,,2.0
16495,139.143013767,1,N3S5588,190.0.1.3,190.0.1.1,96,NetworkReceiveFromLower,0,5588,20,Control,IPPROTO_ICMP,0,,2.0
16510,139.240593767,1,N3S5596,190.0.1.3,190.0.1.1,96,NetworkReceiveFromLower,0,5596,20,Control,IPPROTO_ICMP,0,,2.0
16525,139.340253767,1,N3S5604,190.0.1.3,190.0.1.1,96,NetworkReceiveFromLower,0,5604,20,Control,IPPROTO_ICMP,0,,2.0
16540,139.445766768,1,N3S5612,190.0.1.3,190.0.1.1,96,NetworkReceiveFromLower,0,5612,20,Control,IPPROTO_ICMP,0,,2.0
16555,139.546133791,1,N3S5621,190.0.1.3,190.0.1.1,96,NetworkReceiveFromLower,0,5621,20,Control,IPPROTO_ICMP,0,,2.0
16570,139.650670768,1,N3S5630,190.0.1.3,190.0.1.1,96,NetworkReceiveFromLower,0,5630,20,Control,IPPROTO_ICMP,0,,2.0
16585,139.742213767,1,N3S5638,190.0.1.3,190.0.1.1,96,NetworkReceiveFromLower,0,5638,20,Control,IPPROTO_ICMP,0,,2.0
16600,139.840253791,1,N3S5646,190.0.1.3,190.0.1.1,96,NetworkReceiveFromLower,0,5646,20,Control,IPPROTO_ICMP,0,,2.0
16615,139.944093791,1,N3S5654,190.0.1.3,190.0.1.1,96,NetworkReceiveFromLower,0,5654,20,Control,IPPROTO_ICMP,0,,2.0
16630,140.041093767,1,N3S5664,190.0.1.3,190.0.1.1,96,NetworkReceiveFromLower,0,5664,20,Control,IPPROTO_ICMP,0,,2.0
16661,140.138163791,1,N2S4880,190.0.1.2,255.255.255.255,64,NetworkReceiveFromLower,0,4880,20,Data,IPPROTO_UDP,192,,1.0
16665,140.139598792,1,N3S5672,190.0.1.3,190.0.1.1,96,NetworkReceiveFromLower,0,5672,20,Control,IPPROTO_ICMP,0,,2.0
16680,140.241253791,1,N3S5680,190.0.1.3,190.0.1.1,96,NetworkReceiveFromLower,0,5680,20,Control,IPPROTO_ICMP,0,,2.0
16695,140.340053791,1,N3S5688,190.0.1.3,190.0.1.1,96,NetworkReceiveFromLower,0,5688,20,Control,IPPROTO_ICMP,0,,2.0
16716,140.443871792,1,N3S5696,190.0.1.3,190.0.1.1,96,NetworkReceiveFromLower,0,5696,20,Control,IPPROTO_ICMP,0,,2.0
16731,140.543613791,1,N3S5704,190.0.1.3,190.0.1.1,96,NetworkReceiveFromLower,0,5704,20,Control,IPPROTO_ICMP,0,,2.0
16735,140.580891106,1,N2S4881,190.0.1.2,255.255.255.255,56,NetworkReceiveFromLower,0,4881,20,Data,IPPROTO_UDP,192,,1.0
16752,140.640886792,1,N3S5713,190.0.1.3,190.0.1.1,96,NetworkReceiveFromLower,0,5713,20,Control,IPPROTO_ICMP,0,,2.0
16756,140.65440113,1,N2S4903,190.0.1.2,255.255.255.255,56,NetworkReceiveFromLower,0,4903,20,Data,IPPROTO_UDP,192,,1.0
16773,140.742753823,1,N3S5721,190.0.1.3,190.0.1.1,96,NetworkReceiveFromLower,0,5721,20,Control,IPPROTO_ICMP,0,,2.0
16792,140.839773791,1,N3S5729,190.0.1.3,190.0.1.1,96,NetworkReceiveFromLower,0,5729,20,Control,IPPROTO_ICMP,0,,2.0
16807,140.942153791,1,N3S5737,190.0.1.3,190.0.1.1,96,NetworkReceiveFromLower,0,5737,20,Control,IPPROTO_ICMP,0,,2.0
16822,141.040453823,1,N3S5745,190.0.1.3,190.0.1.1,96,NetworkReceiveFromLower,0,5745,20,Control,IPPROTO_ICMP,0,,2.0
16837,141.143653823,1,N3S5753,190.0.1.3,190.0.1.1,96,NetworkReceiveFromLower,0,5753,20,Control,IPPROTO_ICMP,0,,2.0
16852,141.243453791,1,N3S5761,190.0.1.3,190.0.1.1,96,NetworkReceiveFromLower,0,5761,20,Control,IPPROTO_ICMP,0,,2.0
16867,141.343233823,1,N3S5769,190.0.1.3,190.0.1.1,96,NetworkReceiveFromLower,0,5769,20,Control,IPPROTO_ICMP,0,,2.0
16882,141.445293823,1,N3S5777,190.0.1.3,190.0.1.1,96,NetworkReceiveFromLower,0,5777,20,Control,IPPROTO_ICMP,0,,2.0
16897,141.542573823,1,N3S5785,190.0.1.3,190.0.1.1,96,NetworkReceiveFromLower,0,5785,20,Control,IPPROTO_ICMP,0,,2.0
16912,141.641953823,1,N3S5793,190.0.1.3,190.0.1.1,96,NetworkReceiveFromLower,0,5793,20,Control,IPPROTO_ICMP,0,,2.0
16927,141.739513823,1,N3S5801,190.0.1.3,190.0.1.1,96,NetworkReceiveFromLower,0,5801,20,Control,IPPROTO_ICMP,0,,2.0
16942,141.841273823,1,N3S5809,190.0.1.3,190.0.1.1,96,NetworkReceiveFromLower,0,5809,20,Control,IPPROTO_ICMP,0,,2.0
16957,141.942293847,1,N3S5817,190.0.1.3,190.0.1.1,96,NetworkReceiveFromLower,0,5817,20,Control,IPPROTO_ICMP,0,,2.0
16972,142.041613823,1,N3S5826,190.0.1.3,190.0.1.1,96,NetworkReceiveFromLower,0,5826,20,Control,IPPROTO_ICMP,0,,2.0
16994,142.131010717,1,N2S5004,190.0.1.2,255.255.255.255,64,NetworkReceiveFromLower,0,5004,20,Data,IPPROTO_UDP,192,,1.0
17003,142.151114628,1,N3S5835,190.0.1.3,190.0.1.1,96,NetworkReceiveFromLower,0,5835,20,Control,IPPROTO_ICMP,0,,2.0
17018,142.240013847,1,N3S5843,190.0.1.3,190.0.1.1,96,NetworkReceiveFromLower,0,5843,20,Control,IPPROTO_ICMP,0,,2.0
17033,142.343013847,1,N3S5851,190.0.1.3,190.0.1.1,96,NetworkReceiveFromLower,0,5851,20,Control,IPPROTO_ICMP,0,,2.0
17048,142.440333823,1,N3S5859,190.0.1.3,190.0.1.1,96,NetworkReceiveFromLower,0,5859,20,Control,IPPROTO_ICMP,0,,2.0
17063,142.538893847,1,N3S5867,190.0.1.3,190.0.1.1,96,NetworkReceiveFromLower,0,5867,20,Control,IPPROTO_ICMP,0,,2.0
17078,142.638333847,1,N3S5875,190.0.1.3,190.0.1.1,96,NetworkReceiveFromLower,0,5875,20,Control,IPPROTO_ICMP,0,,2.0
17093,142.739793847,1,N3S5883,190.0.1.3,190.0.1.1,96,NetworkReceiveFromLower,0,5883,20,Control,IPPROTO_ICMP,0,,2.0
17108,142.843473847,1,N3S5891,190.0.1.3,190.0.1.1,96,NetworkReceiveFromLower,0,5891,20,Control,IPPROTO_ICMP,0,,2.0
17123,142.940553847,1,N3S5899,190.0.1.3,190.0.1.1,96,NetworkReceiveFromLower,0,5899,20,Control,IPPROTO_ICMP,0,,2.0
17138,143.042773847,1,N3S5907,190.0.1.3,190.0.1.1,96,NetworkReceiveFromLower,0,5907,20,Control,IPPROTO_ICMP,0,,2.0
17153,143.142513871,1,N3S5915,190.0.1.3,190.0.1.1,96,NetworkReceiveFromLower,0,5915,20,Control,IPPROTO_ICMP,0,,2.0
17168,143.243113847,1,N3S5923,190.0.1.3,190.0.1.1,96,NetworkReceiveFromLower,0,5923,20,Control,IPPROTO_ICMP,0,,2.0
17183,143.344353847,1,N3S5931,190.0.1.3,190.0.1.1,96,NetworkReceiveFromLower,0,5931,20,Control,IPPROTO_ICMP,0,,2.0
17198,143.441353871,1,N3S5939,190.0.1.3,190.0.1.1,96,NetworkReceiveFromLower,0,5939,20,Control,IPPROTO_ICMP,0,,2.0
17213,143.541253871,1,N3S5947,190.0.1.3,190.0.1.1,96,NetworkReceiveFromLower,0,5947,20,Control,IPPROTO_ICMP,0,,2.0
17228,143.639773847,1,N3S5955,190.0.1.3,190.0.1.1,96,NetworkReceiveFromLower,0,5955,20,Control,IPPROTO_ICMP,0,,2.0
17243,143.740373871,1,N3S5963,190.0.1.3,190.0.1.1,96,NetworkReceiveFromLower,0,5963,20,Control,IPPROTO_ICMP,0,,2.0
17258,143.839793871,1,N3S5971,190.0.1.3,190.0.1.1,96,NetworkReceiveFromLower,0,5971,20,Control,IPPROTO_ICMP,0,,2.0
17273,143.939153871,1,N3S5979,190.0.1.3,190.0.1.1,96,NetworkReceiveFromLower,0,5979,20,Control,IPPROTO_ICMP,0,,2.0
17290,144.042073871,1,N3S5988,190.0.1.3,190.0.1.1,96,NetworkReceiveFromLower,0,5988,20,Control,IPPROTO_ICMP,0,,2.0
17310,144.1251832,1,N2S5126,190.0.1.2,255.255.255.255,64,NetworkReceiveFromLower,0,5126,20,Data,IPPROTO_UDP,192,,1.0
17319,144.146198871,1,N3S5996,190.0.1.3,190.0.1.1,96,NetworkReceiveFromLower,0,5996,20,Control,IPPROTO_ICMP,0,,2.0
17334,144.243373871,1,N3S6004,190.0.1.3,190.0.1.1,96,NetworkReceiveFromLower,0,6004,20,Control,IPPROTO_ICMP,0,,2.0
17349,144.340813903,1,N3S6012,190.0.1.3,190.0.1.1,96,NetworkReceiveFromLower,0,6012,20,Control,IPPROTO_ICMP,0,,2.0
17364,144.441513871,1,N3S6020,190.0.1.3,190.0.1.1,96,NetworkReceiveFromLower,0,6020,20,Control,IPPROTO_ICMP,0,,2.0
17379,144.544113871,1,N3S6028,190.0.1.3,190.0.1.1,96,NetworkReceiveFromLower,0,6028,20,Control,IPPROTO_ICMP,0,,2.0
17394,144.643693903,1,N3S6036,190.0.1.3,190.0.1.1,96,NetworkReceiveFromLower,0,6036,20,Control,IPPROTO_ICMP,0,,2.0
17409,144.740913903,1,N3S6044,190.0.1.3,190.0.1.1,96,NetworkReceiveFromLower,0,6044,20,Control,IPPROTO_ICMP,0,,2.0
17424,144.841933871,1,N3S6052,190.0.1.3,190.0.1.1,96,NetworkReceiveFromLower,0,6052,20,Control,IPPROTO_ICMP,0,,2.0
17439,144.943993903,1,N3S6060,190.0.1.3,190.0.1.1,96,NetworkReceiveFromLower,0,6060,20,Control,IPPROTO_ICMP,0,,2.0
17454,145.042233903,1,N3S6069,190.0.1.3,190.0.1.1,96,NetworkReceiveFromLower,0,6069,20,Control,IPPROTO_ICMP,0,,2.0
17469,145.143693903,1,N3S6077,190.0.1.3,190.0.1.1,96,NetworkReceiveFromLower,0,6077,20,Control,IPPROTO_ICMP,0,,2.0
17484,145.241313903,1,N3S6085,190.0.1.3,190.0.1.1,96,NetworkReceiveFromLower,0,6085,20,Control,IPPROTO_ICMP,0,,2.0
17496,145.331265953,1,N2S5187,190.0.1.2,255.255.255.255,56,NetworkReceiveFromLower,0,5187,20,Data,IPPROTO_UDP,192,,1.0
17505,145.347563904,1,N3S6095,190.0.1.3,190.0.1.1,96,NetworkReceiveFromLower,0,6095,20,Control,IPPROTO_ICMP,0,,2.0
17526,145.441551904,1,N3S6103,190.0.1.3,190.0.1.1,96,NetworkReceiveFromLower,0,6103,20,Control,IPPROTO_ICMP,0,,2.0
17545,145.542691928,1,N3S6111,190.0.1.3,190.0.1.1,96,NetworkReceiveFromLower,0,6111,20,Control,IPPROTO_ICMP,0,,2.0
17549,145.575745578,1,N2S5210,190.0.1.2,255.255.255.255,56,NetworkReceiveFromLower,0,5210,20,Data,IPPROTO_UDP,192,,1.0
17566,145.643213903,1,N3S6119,190.0.1.3,190.0.1.1,96,NetworkReceiveFromLower,0,6119,20,Control,IPPROTO_ICMP,0,,2.0
17581,145.742673903,1,N3S6127,190.0.1.3,190.0.1.1,96,NetworkReceiveFromLower,0,6127,20,Control,IPPROTO_ICMP,0,,2.0
17596,145.840993927,1,N3S6135,190.0.1.3,190.0.1.1,96,NetworkReceiveFromLower,0,6135,20,Control,IPPROTO_ICMP,0,,2.0
17611,145.943713927,1,N3S6143,190.0.1.3,190.0.1.1,96,NetworkReceiveFromLower,0,6143,20,Control,IPPROTO_ICMP,0,,2.0
17628,146.043673903,1,N3S6152,190.0.1.3,190.0.1.1,96,NetworkReceiveFromLower,0,6152,20,Control,IPPROTO_ICMP,0,,2.0
17653,146.149458928,1,N2S5250,190.0.1.2,255.255.255.255,64,NetworkReceiveFromLower,0,5250,20,Data,IPPROTO_UDP,192,,1.0
17657,146.151353929,1,N3S6161,190.0.1.3,190.0.1.1,96,NetworkReceiveFromLower,0,6161,20,Control,IPPROTO_ICMP,0,,2.0
17672,146.239453927,1,N3S6169,190.0.1.3,190.0.1.1,96,NetworkReceiveFromLower,0,6169,20,Control,IPPROTO_ICMP,0,,2.0
17687,146.341253927,1,N3S6177,190.0.1.3,190.0.1.1,96,NetworkReceiveFromLower,0,6177,20,Control,IPPROTO_ICMP,0,,2.0
17702,146.445093927,1,N3S6185,190.0.1.3,190.0.1.1,96,NetworkReceiveFromLower,0,6185,20,Control,IPPROTO_ICMP,0,,2.0
17717,146.541513927,1,N3S6193,190.0.1.3,190.0.1.1,96,NetworkReceiveFromLower,0,6193,20,Control,IPPROTO_ICMP,0,,2.0
17732,146.639693927,1,N3S6201,190.0.1.3,190.0.1.1,96,NetworkReceiveFromLower,0,6201,20,Control,IPPROTO_ICMP,0,,2.0
17747,146.740713951,1,N3S6209,190.0.1.3,190.0.1.1,96,NetworkReceiveFromLower,0,6209,20,Control,IPPROTO_ICMP,0,,2.0
17762,146.841593927,1,N3S6217,190.0.1.3,190.0.1.1,96,NetworkReceiveFromLower,0,6217,20,Control,IPPROTO_ICMP,0,,2.0
17777,146.939113927,1,N3S6225,190.0.1.3,190.0.1.1,96,NetworkReceiveFromLower,0,6225,20,Control,IPPROTO_ICMP,0,,2.0
17792,147.040973951,1,N3S6233,190.0.1.3,190.0.1.1,96,NetworkReceiveFromLower,0,6233,20,Control,IPPROTO_ICMP,0,,2.0
17807,147.142073951,1,N3S6241,190.0.1.3,190.0.1.1,96,NetworkReceiveFromLower,0,6241,20,Control,IPPROTO_ICMP,0,,2.0
17822,147.239373927,1,N3S6249,190.0.1.3,190.0.1.1,96,NetworkReceiveFromLower,0,6249,20,Control,IPPROTO_ICMP,0,,2.0
17837,147.339873951,1,N3S6257,190.0.1.3,190.0.1.1,96,NetworkReceiveFromLower,0,6257,20,Control,IPPROTO_ICMP,0,,2.0
17852,147.445193951,1,N3S6265,190.0.1.3,190.0.1.1,96,NetworkReceiveFromLower,0,6265,20,Control,IPPROTO_ICMP,0,,2.0
17867,147.543633951,1,N3S6273,190.0.1.3,190.0.1.1,96,NetworkReceiveFromLower,0,6273,20,Control,IPPROTO_ICMP,0,,2.0
17882,147.641953951,1,N3S6281,190.0.1.3,190.0.1.1,96,NetworkReceiveFromLower,0,6281,20,Control,IPPROTO_ICMP,0,,2.0
17897,147.739453951,1,N3S6289,190.0.1.3,190.0.1.1,96,NetworkReceiveFromLower,0,6289,20,Control,IPPROTO_ICMP,0,,2.0
17912,147.841773951,1,N3S6297,190.0.1.3,190.0.1.1,96,NetworkReceiveFromLower,0,6297,20,Control,IPPROTO_ICMP,0,,2.0
17927,147.940493983,1,N3S6305,190.0.1.3,190.0.1.1,96,NetworkReceiveFromLower,0,6305,20,Control,IPPROTO_ICMP,0,,2.0
17942,148.037773951,1,N3S6313,190.0.1.3,190.0.1.1,96,NetworkReceiveFromLower,0,6313,20,Control,IPPROTO_ICMP,0,,2.0
17969,148.142976952,1,N3S6322,190.0.1.3,190.0.1.1,96,NetworkReceiveFromLower,0,6322,20,Control,IPPROTO_ICMP,0,,2.0
17973,148.148509831,1,N2S5372,190.0.1.2,255.255.255.255,64,NetworkReceiveFromLower,0,5372,20,Data,IPPROTO_UDP,192,,1.0
17990,148.249490984,1,N3S6330,190.0.1.3,190.0.1.1,96,NetworkReceiveFromLower,0,6330,20,Control,IPPROTO_ICMP,0,,2.0
18005,148.342853983,1,N3S6338,190.0.1.3,190.0.1.1,96,NetworkReceiveFromLower,0,6338,20,Control,IPPROTO_ICMP,0,,2.0
18020,148.443253951,1,N3S6346,190.0.1.3,190.0.1.1,96,NetworkReceiveFromLower,0,6346,20,Control,IPPROTO_ICMP,0,,2.0
18035,148.541973983,1,N3S6354,190.0.1.3,190.0.1.1,96,NetworkReceiveFromLower,0,6354,20,Control,IPPROTO_ICMP,0,,2.0
18050,148.642033983,1,N3S6362,190.0.1.3,190.0.1.1,96,NetworkReceiveFromLower,0,6362,20,Control,IPPROTO_ICMP,0,,2.0
18065,148.743813983,1,N3S6370,190.0.1.3,190.0.1.1,96,NetworkReceiveFromLower,0,6370,20,Control,IPPROTO_ICMP,0,,2.0
18080,148.841013983,1,N3S6378,190.0.1.3,190.0.1.1,96,NetworkReceiveFromLower,0,6378,20,Control,IPPROTO_ICMP,0,,2.0
18095,148.940753983,1,N3S6386,190.0.1.3,190.0.1.1,96,NetworkReceiveFromLower,0,6386,20,Control,IPPROTO_ICMP,0,,2.0
18110,149.039993983,1,N3S6394,190.0.1.3,190.0.1.1,96,NetworkReceiveFromLower,0,6394,20,Control,IPPROTO_ICMP,0,,2.0
18125,149.142914007,1,N3S6402,190.0.1.3,190.0.1.1,96,NetworkReceiveFromLower,0,6402,20,Control,IPPROTO_ICMP,0,,2.0
18140,149.244573983,1,N3S6410,190.0.1.3,190.0.1.1,96,NetworkReceiveFromLower,0,6410,20,Control,IPPROTO_ICMP,0,,2.0
18155,149.339693983,1,N3S6418,190.0.1.3,190.0.1.1,96,NetworkReceiveFromLower,0,6418,20,Control,IPPROTO_ICMP,0,,2.0
18170,149.442954007,1,N3S6426,190.0.1.3,190.0.1.1,96,NetworkReceiveFromLower,0,6426,20,Control,IPPROTO_ICMP,0,,2.0
18185,149.542674007,1,N3S6434,190.0.1.3,190.0.1.1,96,NetworkReceiveFromLower,0,6434,20,Control,IPPROTO_ICMP,0,,2.0
18200,149.644433983,1,N3S6442,190.0.1.3,190.0.1.1,96,NetworkReceiveFromLower,0,6442,20,Control,IPPROTO_ICMP,0,,2.0
18215,149.740634007,1,N3S6450,190.0.1.3,190.0.1.1,96,NetworkReceiveFromLower,0,6450,20,Control,IPPROTO_ICMP,0,,2.0
18230,149.842134007,1,N3S6458,190.0.1.3,190.0.1.1,96,NetworkReceiveFromLower,0,6458,20,Control,IPPROTO_ICMP,0,,2.0
18245,149.942034007,1,N3S6466,190.0.1.3,190.0.1.1,96,NetworkReceiveFromLower,0,6466,20,Control,IPPROTO_ICMP,0,,2.0
18262,150.051194008,1,N3S6477,190.0.1.3,190.0.1.1,96,NetworkReceiveFromLower,0,6477,20,Control,IPPROTO_ICMP,0,,2.0
18272,150.097218191,1,N2S5494,190.0.1.2,255.255.255.255,64,NetworkReceiveFromLower,0,5494,20,Data,IPPROTO_UDP,192,,1.0
18289,150.141574007,1,N3S6485,190.0.1.3,190.0.1.1,96,NetworkReceiveFromLower,0,6485,20,Control,IPPROTO_ICMP,0,,2.0
18304,150.243114007,1,N3S6493,190.0.1.3,190.0.1.1,96,NetworkReceiveFromLower,0,6493,20,Control,IPPROTO_ICMP,0,,2.0
18308,150.244656707,1,N2S5495,190.0.1.2,255.255.255.255,56,NetworkReceiveFromLower,0,5495,20,Data,IPPROTO_UDP,192,,1.0
18331,150.345434031,1,N3S6502,190.0.1.3,190.0.1.1,96,NetworkReceiveFromLower,0,6502,20,Control,IPPROTO_ICMP,0,,2.0
18346,150.441714007,1,N3S6510,190.0.1.3,190.0.1.1,96,NetworkReceiveFromLower,0,6510,20,Control,IPPROTO_ICMP,0,,2.0
18367,150.545545009,1,N3S6518,190.0.1.3,190.0.1.1,96,NetworkReceiveFromLower,0,6518,20,Control,IPPROTO_ICMP,0,,2.0
18382,150.644774031,1,N3S6526,190.0.1.3,190.0.1.1,96,NetworkReceiveFromLower,0,6526,20,Control,IPPROTO_ICMP,0,,2.0
18397,150.739134031,1,N3S6534,190.0.1.3,190.0.1.1,96,NetworkReceiveFromLower,0,6534,20,Control,IPPROTO_ICMP,0,,2.0
18414,150.842458169,1,N2S5523,190.0.1.2,255.255.255.255,56,NetworkReceiveFromLower,0,5523,20,Data,IPPROTO_UDP,192,,1.0
18418,150.84395317,1,N3S6542,190.0.1.3,190.0.1.1,96,NetworkReceiveFromLower,0,6542,20,Control,IPPROTO_ICMP,0,,2.0
18433,150.942134031,1,N3S6550,190.0.1.3,190.0.1.1,96,NetworkReceiveFromLower,0,6550,20,Control,IPPROTO_ICMP,0,,2.0
18448,151.048387032,1,N3S6558,190.0.1.3,190.0.1.1,96,NetworkReceiveFromLower,0,6558,20,Control,IPPROTO_ICMP,0,,2.0
18463,151.144854031,1,N3S6567,190.0.1.3,190.0.1.1,96,NetworkReceiveFromLower,0,6567,20,Control,IPPROTO_ICMP,0,,2.0
18478,151.244914031,1,N3S6575,190.0.1.3,190.0.1.1,96,NetworkReceiveFromLower,0,6575,20,Control,IPPROTO_ICMP,0,,2.0
18493,151.341934031,1,N3S6583,190.0.1.3,190.0.1.1,96,NetworkReceiveFromLower,0,6583,20,Control,IPPROTO_ICMP,0,,2.0
18508,151.442114031,1,N3S6591,190.0.1.3,190.0.1.1,96,NetworkReceiveFromLower,0,6591,20,Control,IPPROTO_ICMP,0,,2.0
18523,151.542134063,1,N3S6599,190.0.1.3,190.0.1.1,96,NetworkReceiveFromLower,0,6599,20,Control,IPPROTO_ICMP,0,,2.0
18538,151.642334031,1,N3S6607,190.0.1.3,190.0.1.1,96,NetworkReceiveFromLower,0,6607,20,Control,IPPROTO_ICMP,0,,2.0
18553,151.745274031,1,N3S6615,190.0.1.3,190.0.1.1,96,NetworkReceiveFromLower,0,6615,20,Control,IPPROTO_ICMP,0,,2.0
18568,151.838174063,1,N3S6623,190.0.1.3,190.0.1.1,96,NetworkReceiveFromLower,0,6623,20,Control,IPPROTO_ICMP,0,,2.0
18583,151.940554063,1,N3S6631,190.0.1.3,190.0.1.1,96,NetworkReceiveFromLower,0,6631,20,Control,IPPROTO_ICMP,0,,2.0
18598,152.040094031,1,N3S6640,190.0.1.3,190.0.1.1,96,NetworkReceiveFromLower,0,6640,20,Control,IPPROTO_ICMP,0,,2.0
18623,152.143914063,1,N3S6648,190.0.1.3,190.0.1.1,96,NetworkReceiveFromLower,0,6648,20,Control,IPPROTO_ICMP,0,,2.0
18627,152.163158233,1,N2S5619,190.0.1.2,255.255.255.255,64,NetworkReceiveFromLower,0,5619,20,Data,IPPROTO_UDP,192,,1.0
18644,152.242154063,1,N3S6656,190.0.1.3,190.0.1.1,96,NetworkReceiveFromLower,0,6656,20,Control,IPPROTO_ICMP,0,,2.0
18659,152.341574063,1,N3S6664,190.0.1.3,190.0.1.1,96,NetworkReceiveFromLower,0,6664,20,Control,IPPROTO_ICMP,0,,2.0
18674,152.443534063,1,N3S6672,190.0.1.3,190.0.1.1,96,NetworkReceiveFromLower,0,6672,20,Control,IPPROTO_ICMP,0,,2.0
18689,152.542754063,1,N3S6680,190.0.1.3,190.0.1.1,96,NetworkReceiveFromLower,0,6680,20,Control,IPPROTO_ICMP,0,,2.0
18704,152.639394063,1,N3S6688,190.0.1.3,190.0.1.1,96,NetworkReceiveFromLower,0,6688,20,Control,IPPROTO_ICMP,0,,2.0
18719,152.738074087,1,N3S6696,190.0.1.3,190.0.1.1,96,NetworkReceiveFromLower,0,6696,20,Control,IPPROTO_ICMP,0,,2.0
18734,152.843894063,1,N3S6704,190.0.1.3,190.0.1.1,96,NetworkReceiveFromLower,0,6704,20,Control,IPPROTO_ICMP,0,,2.0
18749,152.940554063,1,N3S6712,190.0.1.3,190.0.1.1,96,NetworkReceiveFromLower,0,6712,20,Control,IPPROTO_ICMP,0,,2.0
18764,153.041474087,1,N3S6720,190.0.1.3,190.0.1.1,96,NetworkReceiveFromLower,0,6720,20,Control,IPPROTO_ICMP,0,,2.0
18779,153.147851088,1,N3S6728,190.0.1.3,190.0.1.1,96,NetworkReceiveFromLower,0,6728,20,Control,IPPROTO_ICMP,0,,2.0
18794,153.240054063,1,N3S6736,190.0.1.3,190.0.1.1,96,NetworkReceiveFromLower,0,6736,20,Control,IPPROTO_ICMP,0,,2.0
18809,153.339914087,1,N3S6744,190.0.1.3,190.0.1.1,96,NetworkReceiveFromLower,0,6744,20,Control,IPPROTO_ICMP,0,,2.0
18824,153.442987088,1,N3S6752,190.0.1.3,190.0.1.1,96,NetworkReceiveFromLower,0,6752,20,Control,IPPROTO_ICMP,0,,2.0
18839,153.545494087,1,N3S6761,190.0.1.3,190.0.1.1,96,NetworkReceiveFromLower,0,6761,20,Control,IPPROTO_ICMP,0,,2.0
18854,153.638474087,1,N3S6769,190.0.1.3,190.0.1.1,96,NetworkReceiveFromLower,0,6769,20,Control,IPPROTO_ICMP,0,,2.0
18869,153.742274087,1,N3S6777,190.0.1.3,190.0.1.1,96,NetworkReceiveFromLower,0,6777,20,Control,IPPROTO_ICMP,0,,2.0
18884,153.841154087,1,N3S6785,190.0.1.3,190.0.1.1,96,NetworkReceiveFromLower,0,6785,20,Control,IPPROTO_ICMP,0,,2.0
18899,153.943294111,1,N3S6793,190.0.1.3,190.0.1.1,96,NetworkReceiveFromLower,0,6793,20,Control,IPPROTO_ICMP,0,,2.0
18916,154.042491087,1,N3S6802,190.0.1.3,190.0.1.1,96,NetworkReceiveFromLower,0,6802,20,Control,IPPROTO_ICMP,0,,2.0
18939,154.145407087,1,N3S6810,190.0.1.3,190.0.1.1,96,NetworkReceiveFromLower,0,6810,20,Control,IPPROTO_ICMP,0,,2.0
18943,154.148816761,1,N2S5742,190.0.1.2,255.255.255.255,64,NetworkReceiveFromLower,0,5742,20,Data,IPPROTO_UDP,192,,1.0
18960,154.241354111,1,N3S6818,190.0.1.3,190.0.1.1,96,NetworkReceiveFromLower,0,6818,20,Control,IPPROTO_ICMP,0,,2.0
18975,154.342014111,1,N3S6826,190.0.1.3,190.0.1.1,96,NetworkReceiveFromLower,0,6826,20,Control,IPPROTO_ICMP,0,,2.0
18990,154.440474087,1,N3S6834,190.0.1.3,190.0.1.1,96,NetworkReceiveFromLower,0,6834,20,Control,IPPROTO_ICMP,0,,2.0
19005,154.541194111,1,N3S6842,190.0.1.3,190.0.1.1,96,NetworkReceiveFromLower,0,6842,20,Control,IPPROTO_ICMP,0,,2.0
19020,154.645374111,1,N3S6850,190.0.1.3,190.0.1.1,96,NetworkReceiveFromLower,0,6850,20,Control,IPPROTO_ICMP,0,,2.0
19035,154.741394111,1,N3S6858,190.0.1.3,190.0.1.1,96,NetworkReceiveFromLower,0,6858,20,Control,IPPROTO_ICMP,0,,2.0
19050,154.842934111,1,N3S6866,190.0.1.3,190.0.1.1,96,NetworkReceiveFromLower,0,6866,20,Control,IPPROTO_ICMP,0,,2.0
19065,154.942054111,1,N3S6874,190.0.1.3,190.0.1.1,96,NetworkReceiveFromLower,0,6874,20,Control,IPPROTO_ICMP,0,,2.0
19082,155.043294111,1,N3S6883,190.0.1.3,190.0.1.1,96,NetworkReceiveFromLower,0,6883,20,Control,IPPROTO_ICMP,0,,2.0
19101,155.140854143,1,N3S6891,190.0.1.3,190.0.1.1,96,NetworkReceiveFromLower,0,6891,20,Control,IPPROTO_ICMP,0,,2.0
19105,155.159545686,1,N2S5803,190.0.1.2,255.255.255.255,56,NetworkReceiveFromLower,0,5803,20,Data,IPPROTO_UDP,192,,1.0
19122,155.240394111,1,N3S6899,190.0.1.3,190.0.1.1,96,NetworkReceiveFromLower,0,6899,20,Control,IPPROTO_ICMP,0,,2.0
19137,155.345534111,1,N3S6907,190.0.1.3,190.0.1.1,96,NetworkReceiveFromLower,0,6907,20,Control,IPPROTO_ICMP,0,,2.0
19149,155.418551002,1,N2S5804,190.0.1.2,255.255.255.255,56,NetworkReceiveFromLower,0,5804,20,Data,IPPROTO_UDP,192,,1.0
19158,155.450624144,1,N3S6917,190.0.1.3,190.0.1.1,96,NetworkReceiveFromLower,0,6917,20,Control,IPPROTO_ICMP,0,,2.0
19173,155.543554143,1,N3S6925,190.0.1.3,190.0.1.1,96,NetworkReceiveFromLower,0,6925,20,Control,IPPROTO_ICMP,0,,2.0
19188,155.645614111,1,N3S6933,190.0.1.3,190.0.1.1,96,NetworkReceiveFromLower,0,6933,20,Control,IPPROTO_ICMP,0,,2.0
19207,155.743714143,1,N3S6941,190.0.1.3,190.0.1.1,96,NetworkReceiveFromLower,0,6941,20,Control,IPPROTO_ICMP,0,,2.0
19222,155.841514143,1,N3S6949,190.0.1.3,190.0.1.1,96,NetworkReceiveFromLower,0,6949,20,Control,IPPROTO_ICMP,0,,2.0
19237,155.942854143,1,N3S6957,190.0.1.3,190.0.1.1,96,NetworkReceiveFromLower,0,6957,20,Control,IPPROTO_ICMP,0,,2.0
19256,156.015757003,1,N3S6961,190.0.1.3,190.0.1.1,96,NetworkReceiveFromLower,0,6961,20,Control,IPPROTO_ICMP,0,,2.0
19273,156.121381004,1,N3S6966,190.0.1.3,190.0.1.1,96,NetworkReceiveFromLower,0,6966,20,Control,IPPROTO_ICMP,0,,2.0
19283,156.139550447,1,N2S5866,190.0.1.2,255.255.255.255,64,NetworkReceiveFromLower,0,5866,20,Data,IPPROTO_UDP,192,,1.0
19300,156.215144003,1,N3S6970,190.0.1.3,190.0.1.1,96,NetworkReceiveFromLower,0,6970,20,Control,IPPROTO_ICMP,0,,2.0
19315,156.315004003,1,N3S6974,190.0.1.3,190.0.1.1,96,NetworkReceiveFromLower,0,6974,20,Control,IPPROTO_ICMP,0,,2.0
19330,156.415224003,1,N3S6978,190.0.1.3,190.0.1.1,96,NetworkReceiveFromLower,0,6978,20,Control,IPPROTO_ICMP,0,,2.0
19345,156.514844003,1,N3S6983,190.0.1.3,190.0.1.1,96,NetworkReceiveFromLower,0,6983,20,Control,IPPROTO_ICMP,0,,2.0
19360,156.614924003,1,N3S6987,190.0.1.3,190.0.1.1,96,NetworkReceiveFromLower,0,6987,20,Control,IPPROTO_ICMP,0,,2.0
19375,156.721821004,1,N3S6992,190.0.1.3,190.0.1.1,96,NetworkReceiveFromLower,0,6992,20,Control,IPPROTO_ICMP,0,,2.0
19390,156.815044003,1,N3S6996,190.0.1.3,190.0.1.1,96,NetworkReceiveFromLower,0,6996,20,Control,IPPROTO_ICMP,0,,2.0
19405,156.915424003,1,N3S7000,190.0.1.3,190.0.1.1,96,NetworkReceiveFromLower,0,7000,20,Control,IPPROTO_ICMP,0,,2.0
19420,157.014984003,1,N3S7004,190.0.1.3,190.0.1.1,96,NetworkReceiveFromLower,0,7004,20,Control,IPPROTO_ICMP,0,,2.0
19435,157.115804003,1,N3S7008,190.0.1.3,190.0.1.1,96,NetworkReceiveFromLower,0,7008,20,Control,IPPROTO_ICMP,0,,2.0
19450,157.221901004,1,N3S7013,190.0.1.3,190.0.1.1,96,NetworkReceiveFromLower,0,7013,20,Control,IPPROTO_ICMP,0,,2.0
19465,157.315704003,1,N3S7017,190.0.1.3,190.0.1.1,96,NetworkReceiveFromLower,0,7017,20,Control,IPPROTO_ICMP,0,,2.0
19480,157.415344003,1,N3S7021,190.0.1.3,190.0.1.1,96,NetworkReceiveFromLower,0,7021,20,Control,IPPROTO_ICMP,0,,2.0
19495,157.515684003,1,N3S7025,190.0.1.3,190.0.1.1,96,NetworkReceiveFromLower,0,7025,20,Control,IPPROTO_ICMP,0,,2.0
19510,157.615784003,1,N3S7029,190.0.1.3,190.0.1.1,96,NetworkReceiveFromLower,0,7029,20,Control,IPPROTO_ICMP,0,,2.0
19525,157.715284003,1,N3S7033,190.0.1.3,190.0.1.1,96,NetworkReceiveFromLower,0,7033,20,Control,IPPROTO_ICMP,0,,2.0
19540,157.815464003,1,N3S7037,190.0.1.3,190.0.1.1,96,NetworkReceiveFromLower,0,7037,20,Control,IPPROTO_ICMP,0,,2.0
19555,157.914864003,1,N3S7041,190.0.1.3,190.0.1.1,96,NetworkReceiveFromLower,0,7041,20,Control,IPPROTO_ICMP,0,,2.0
19570,158.016064003,1,N3S7045,190.0.1.3,190.0.1.1,96,NetworkReceiveFromLower,0,7045,20,Control,IPPROTO_ICMP,0,,2.0
19591,158.115404003,1,N3S7050,190.0.1.3,190.0.1.1,96,NetworkReceiveFromLower,0,7050,20,Control,IPPROTO_ICMP,0,,2.0
19595,158.176225659,1,N2S5992,190.0.1.2,255.255.255.255,64,NetworkReceiveFromLower,0,5992,20,Data,IPPROTO_UDP,192,,1.0
19612,158.215664003,1,N3S7054,190.0.1.3,190.0.1.1,96,NetworkReceiveFromLower,0,7054,20,Control,IPPROTO_ICMP,0,,2.0
19627,158.315164003,1,N3S7058,190.0.1.3,190.0.1.1,96,NetworkReceiveFromLower,0,7058,20,Control,IPPROTO_ICMP,0,,2.0
19642,158.415944003,1,N3S7062,190.0.1.3,190.0.1.1,96,NetworkReceiveFromLower,0,7062,20,Control,IPPROTO_ICMP,0,,2.0
19657,158.515764003,1,N3S7066,190.0.1.3,190.0.1.1,96,NetworkReceiveFromLower,0,7066,20,Control,IPPROTO_ICMP,0,,2.0
19672,158.615404003,1,N3S7070,190.0.1.3,190.0.1.1,96,NetworkReceiveFromLower,0,7070,20,Control,IPPROTO_ICMP,0,,2.0
19687,158.715144003,1,N3S7074,190.0.1.3,190.0.1.1,96,NetworkReceiveFromLower,0,7074,20,Control,IPPROTO_ICMP,0,,2.0
19702,158.815724003,1,N3S7078,190.0.1.3,190.0.1.1,96,NetworkReceiveFromLower,0,7078,20,Control,IPPROTO_ICMP,0,,2.0
19717,158.915024003,1,N3S7082,190.0.1.3,190.0.1.1,96,NetworkReceiveFromLower,0,7082,20,Control,IPPROTO_ICMP,0,,2.0
19732,159.015484003,1,N3S7086,190.0.1.3,190.0.1.1,96,NetworkReceiveFromLower,0,7086,20,Control,IPPROTO_ICMP,0,,2.0
19747,159.114304003,1,N3S7090,190.0.1.3,190.0.1.1,96,NetworkReceiveFromLower,0,7090,20,Control,IPPROTO_ICMP,0,,2.0
19762,159.215384003,1,N3S7094,190.0.1.3,190.0.1.1,96,NetworkReceiveFromLower,0,7094,20,Control,IPPROTO_ICMP,0,,2.0
19777,159.315264003,1,N3S7098,190.0.1.3,190.0.1.1,96,NetworkReceiveFromLower,0,7098,20,Control,IPPROTO_ICMP,0,,2.0
19792,159.415924003,1,N3S7102,190.0.1.3,190.0.1.1,96,NetworkReceiveFromLower,0,7102,20,Control,IPPROTO_ICMP,0,,2.0
19807,159.514984003,1,N3S7106,190.0.1.3,190.0.1.1,96,NetworkReceiveFromLower,0,7106,20,Control,IPPROTO_ICMP,0,,2.0
19822,159.615684003,1,N3S7110,190.0.1.3,190.0.1.1,96,NetworkReceiveFromLower,0,7110,20,Control,IPPROTO_ICMP,0,,2.0
19837,159.715124003,1,N3S7114,190.0.1.3,190.0.1.1,96,NetworkReceiveFromLower,0,7114,20,Control,IPPROTO_ICMP,0,,2.0
19852,159.821061004,1,N3S7119,190.0.1.3,190.0.1.1,96,NetworkReceiveFromLower,0,7119,20,Control,IPPROTO_ICMP,0,,2.0
19867,159.914844003,1,N3S7123,190.0.1.3,190.0.1.1,96,NetworkReceiveFromLower,0,7123,20,Control,IPPROTO_ICMP,0,,2.0
19884,160.016620004,1,N3S7127,190.0.1.3,190.0.1.1,96,NetworkReceiveFromLower,0,7127,20,Control,IPPROTO_ICMP,0,,2.0
19909,160.115264003,1,N3S7134,190.0.1.3,190.0.1.1,96,NetworkReceiveFromLower,0,7134,20,Control,IPPROTO_ICMP,0,,2.0
19913,160.136641417,1,N2S6115,190.0.1.2,255.255.255.255,64,NetworkReceiveFromLower,0,6115,20,Data,IPPROTO_UDP,192,,1.0
19930,160.215404003,1,N3S7138,190.0.1.3,190.0.1.1,96,NetworkReceiveFromLower,0,7138,20,Control,IPPROTO_ICMP,0,,2.0
19945,160.314884003,1,N3S7142,190.0.1.3,190.0.1.1,96,NetworkReceiveFromLower,0,7142,20,Control,IPPROTO_ICMP,0,,2.0
19960,160.415964003,1,N3S7146,190.0.1.3,190.0.1.1,96,NetworkReceiveFromLower,0,7146,20,Control,IPPROTO_ICMP,0,,2.0
19976,160.515064003,1,N3S7150,190.0.1.3,190.0.1.1,96,NetworkReceiveFromLower,0,7150,20,Control,IPPROTO_ICMP,0,,2.0
19979,160.515985003,1,N2S6114,190.0.1.2,255.255.255.255,52,NetworkReceiveFromLower,0,6114,20,Data,IPPROTO_UDP,192,,1.0
19985,160.571799147,1,N2S6116,190.0.1.2,255.255.255.255,56,NetworkReceiveFromLower,0,6116,20,Data,IPPROTO_UDP,192,,1.0
20067,162.101153933,1,N2S6147,190.0.1.2,255.255.255.255,60,NetworkReceiveFromLower,0,6147,20,Data,IPPROTO_UDP,192,,1.0
20165,164.110992393,1,N2S6148,190.0.1.2,255.255.255.255,60,NetworkReceiveFromLower,0,6148,20,Data,IPPROTO_UDP,192,,1.0
20215,165.180490087,1,N2S6149,190.0.1.2,255.255.255.255,56,NetworkReceiveFromLower,0,6149,20,Data,IPPROTO_UDP,192,,1.0
20237,165.544805435,1,N2S6150,190.0.1.2,255.255.255.255,52,NetworkReceiveFromLower,0,6150,20,Data,IPPROTO_UDP,192,,1.0
20277,166.097476993,1,N2S6151,190.0.1.2,255.255.255.255,60,NetworkReceiveFromLower,0,6151,20,Data,IPPROTO_UDP,192,,1.0
20377,168.120078924,1,N2S6152,190.0.1.2,255.255.255.255,60,NetworkReceiveFromLower,0,6152,20,Data,IPPROTO_UDP,192,,1.0
20473,170.13850787,1,N2S6153,190.0.1.2,255.255.255.255,60,NetworkReceiveFromLower,0,6153,20,Data,IPPROTO_UDP,192,,1.0
20483,170.27524233,1,N2S6154,190.0.1.2,255.255.255.255,56,NetworkReceiveFromLower,0,6154,20,Data,IPPROTO_UDP,192,,1.0
20513,170.710151842,1,N2S6155,190.0.1.2,255.255.255.255,48,NetworkReceiveFromLower,0,6155,20,Data,IPPROTO_UDP,192,,1.0
20585,172.180571809,1,N2S6156,190.0.1.2,255.255.255.255,60,NetworkReceiveFromLower,0,6156,20,Data,IPPROTO_UDP,192,,1.0
20681,174.146885957,1,N2S6157,190.0.1.2,255.255.255.255,60,NetworkReceiveFromLower,0,6157,20,Data,IPPROTO_UDP,192,,1.0
20743,175.457201798,1,N2S6158,190.0.1.2,255.255.255.255,56,NetworkReceiveFromLower,0,6158,20,Data,IPPROTO_UDP,192,,1.0
20753,175.539165685,1,N2S6159,190.0.1.2,255.255.255.255,48,NetworkReceiveFromLower,0,6159,20,Data,IPPROTO_UDP,192,,1.0
20793,176.162047479,1,N2S6160,190.0.1.2,255.255.255.255,60,NetworkReceiveFromLower,0,6160,20,Data,IPPROTO_UDP,192,,1.0
20889,178.113365355,1,N2S6161,190.0.1.2,255.255.255.255,60,NetworkReceiveFromLower,0,6161,20,Data,IPPROTO_UDP,192,,1.0
